0     0.8      20      30     0.003966     0.001208     1.30895     0.28861
0     0.8      30      40     0.00611      0.001681     1.3127      0.27687
0     0.8      40      50     0.008224     0.002146     1.31524     0.26591
0     0.8      50      60     0.010307     0.002603     1.31663     0.25568
0     0.8      60      70     0.01236      0.003053     1.31696     0.24617
0     0.8      70      80     0.014383     0.003494     1.31628     0.23735
0     0.8      80      90     0.016376     0.003928     1.31468     0.2292
0     0.8      90     100     0.018338     0.004354     1.31222     0.22167
0     0.8     100     110     0.02027      0.004773     1.30899     0.21476
0     0.8     110     120     0.022172     0.005183     1.30504     0.20843
0     0.8     120     130     0.024044     0.005586     1.30047     0.20266
0     0.8     130     140     0.025886     0.005981     1.29533     0.19742
0     0.8     140     150     0.027697     0.006368     1.2897      0.19268
0     0.8     150     160     0.029478     0.006748     1.28366     0.18841
0     0.8     160     170     0.031229     0.007119     1.27728     0.1846
0     0.8     170     180     0.03295      0.007483     1.27062     0.18121
0     0.8     180     190     0.03464      0.007839     1.26377     0.17822
0     0.8     190     200     0.0363       0.008187     1.2568      0.17559
0     0.8     200     210     0.03793      0.008528     1.24977     0.17332
0     0.8     210     220     0.03953      0.00886      1.24276     0.17136
0     0.8     220     230     0.041099     0.009185     1.23585     0.16969
0     0.8     230     240     0.042639     0.009502     1.22911     0.16828
0     0.8     240     250     0.044148     0.009811     1.22261     0.16712
0     0.8     250     260     0.045627     0.010113     1.21642     0.16616
0     0.8     260     270     0.047075     0.010406     1.21061     0.16539
0     0.8     270     280     0.048493     0.010692     1.20527     0.16478
0     0.8     280     290     0.049882     0.01097      1.20046     0.1643
0     0.8     290     300     0.05124      0.011241     1.19625     0.16393
0     0.8     300     310     0.052567     0.011503     1.19272     0.16364
0     0.8     310     320     0.053865     0.011758     1.18994     0.16339
0     0.8     320     330     0.055132     0.012005     1.18798     0.16318
0     0.8     330     340     0.056369     0.012244     1.18692     0.16296
0     0.8     340     350     0.057576     0.012475     1.18683     0.16272
0     0.8     350     360     0.058752     0.012698     1.18778     0.16242
0     0.8     360     370     0.059898     0.012914     1.18984     0.16205
0     0.8     370     380     0.061015     0.013122     1.19309     0.16156
0     0.8     380     390     0.0621       0.013322     1.1976      0.16095
0     0.8     390     400     0.063156     0.013514     1.20345     0.16017
0     0.8     400     410     0.064181     0.013699     1.2107      0.15921
0     0.8     410     999     0.078288     0.01671      1.21943     0.15803
0.8   1.6      20      30     0.003958     0.00121      1.31897     0.29197
0.8   1.6      30      40     0.006109     0.001647     1.31014     0.27345
0.8   1.6      40      50     0.008261     0.002085     1.30131     0.25645
0.8   1.6      50      60     0.010414     0.002524     1.29253     0.24091
0.8   1.6      60      70     0.012568     0.002963     1.2838      0.22678
0.8   1.6      70      80     0.014724     0.003402     1.27517     0.21398
0.8   1.6      80      90     0.016881     0.003841     1.26666     0.20247
0.8   1.6      90     100     0.019039     0.004281     1.25829     0.19217
0.8   1.6     100     110     0.021199     0.004722     1.25009     0.18303
0.8   1.6     110     120     0.02336      0.005163     1.2421      0.175
0.8   1.6     120     130     0.025522     0.005604     1.23433     0.168
0.8   1.6     130     140     0.027685     0.006046     1.22683     0.16198
0.8   1.6     140     150     0.029849     0.006488     1.2196      0.15688
0.8   1.6     150     160     0.032015     0.00693      1.21269     0.15264
0.8   1.6     160     170     0.034182     0.007373     1.20611     0.14919
0.8   1.6     170     180     0.03635      0.007817     1.1999      0.14648
0.8   1.6     180     190     0.03852      0.008261     1.19409     0.14444
0.8   1.6     190     200     0.04069      0.008705     1.1887      0.14303
0.8   1.6     200     210     0.042862     0.00915      1.18375     0.14216
0.8   1.6     210     220     0.045036     0.009595     1.17929     0.1418
0.8   1.6     220     230     0.04721      0.01004      1.17533     0.14186
0.8   1.6     230     240     0.049386     0.010486     1.1719      0.1423
0.8   1.6     240     250     0.051563     0.010932     1.16903     0.14305
0.8   1.6     250     260     0.053741     0.011379     1.16675     0.14406
0.8   1.6     260     270     0.05592      0.011826     1.16508     0.14526
0.8   1.6     270     280     0.058101     0.012274     1.16406     0.14659
0.8   1.6     280     290     0.060283     0.012722     1.16371     0.148
0.8   1.6     290     300     0.062466     0.01317      1.16405     0.14941
0.8   1.6     300     310     0.06465      0.013619     1.16512     0.15078
0.8   1.6     310     320     0.066836     0.014068     1.16695     0.15203
0.8   1.6     320     330     0.069023     0.014518     1.16955     0.15312
0.8   1.6     330     340     0.071211     0.014968     1.17296     0.15397
0.8   1.6     340     350     0.073401     0.015419     1.17721     0.15454
0.8   1.6     350     360     0.075591     0.01587      1.18232     0.15475
0.8   1.6     360     370     0.077783     0.016321     1.18833     0.15455
0.8   1.6     370     380     0.079976     0.016773     1.19525     0.15388
0.8   1.6     380     390     0.082171     0.017225     1.20312     0.15268
0.8   1.6     390     400     0.084366     0.017677     1.21196     0.15088
0.8   1.6     400     410     0.086563     0.01813      1.2218      0.14844
0.8   1.6     410     999     0.092652     0.019406     1.23267     0.14527
1.6   2.4      20      30     0.003327     0.000902     1.04679     0.26316
1.6   2.4      30      40     0.005602     0.001357     1.05954     0.24352
1.6   2.4      40      50     0.007879     0.001814     1.07138     0.22573
1.6   2.4      50      60     0.010157     0.002271     1.08233     0.20971
1.6   2.4      60      70     0.012435     0.002729     1.09242     0.19537
1.6   2.4      70      80     0.014715     0.003187     1.10169     0.18264
1.6   2.4      80      90     0.016996     0.003647     1.11016     0.17144
1.6   2.4      90     100     0.019277     0.004107     1.11787     0.16168
1.6   2.4     100     110     0.02156      0.004567     1.12485     0.1533
1.6   2.4     110     120     0.023844     0.005029     1.13114     0.14621
1.6   2.4     120     130     0.026128     0.005491     1.13675     0.14033
1.6   2.4     130     140     0.028414     0.005954     1.14173     0.13558
1.6   2.4     140     150     0.030701     0.006418     1.14611     0.13188
1.6   2.4     150     160     0.032988     0.006882     1.14991     0.12916
1.6   2.4     160     170     0.035277     0.007347     1.15318     0.12734
1.6   2.4     170     180     0.037567     0.007813     1.15594     0.12633
1.6   2.4     180     190     0.039858     0.008279     1.15822     0.12605
1.6   2.4     190     200     0.042149     0.008747     1.16005     0.12644
1.6   2.4     200     210     0.044442     0.009214     1.16147     0.1274
1.6   2.4     210     220     0.046736     0.009683     1.16251     0.12886
1.6   2.4     220     230     0.04903      0.010153     1.16321     0.13074
1.6   2.4     230     240     0.051326     0.010623     1.16358     0.13296
1.6   2.4     240     250     0.053623     0.011094     1.16366     0.13544
1.6   2.4     250     260     0.055921     0.011565     1.16349     0.1381
1.6   2.4     260     270     0.058219     0.012037     1.1631      0.14087
1.6   2.4     270     280     0.060519     0.01251      1.16251     0.14366
1.6   2.4     280     290     0.06282      0.012984     1.16177     0.14639
1.6   2.4     290     300     0.065122     0.013459     1.16089     0.14899
1.6   2.4     300     310     0.067424     0.013934     1.15992     0.15138
1.6   2.4     310     320     0.069728     0.01441      1.15889     0.15347
1.6   2.4     320     330     0.072033     0.014886     1.15782     0.15519
1.6   2.4     330     340     0.074339     0.015364     1.15675     0.15646
1.6   2.4     340     350     0.076646     0.015842     1.15571     0.1572
1.6   2.4     350     360     0.078953     0.01632      1.15473     0.15732
1.6   2.4     360     370     0.081262     0.0168       1.15385     0.15676
1.6   2.4     370     380     0.083572     0.01728      1.15309     0.15543
1.6   2.4     380     390     0.085883     0.017761     1.15248     0.15326
1.6   2.4     390     400     0.088194     0.018243     1.15207     0.15015
1.6   2.4     400     410     0.090507     0.018725     1.15187     0.14604
1.6   2.4     410     999     0.083835     0.017345     1.15193     0.14084
