0     0.5      20      30     0.027579     0.005726     1.1926      0.14437
0     0.5      30      40     0.04283      0.008816     1.13739     0.13122
0     0.5      40      50     0.057605     0.011807     1.10553     0.12395
0     0.5      50      60     0.071916     0.0147       1.08581     0.11948
0     0.5      60      70     0.085769     0.017498     1.0732      0.11656
0     0.5      70      80     0.099175     0.020202     1.06515     0.11459
0     0.5      80      90     0.112143     0.022815     1.06016     0.11324
0     0.5      90     100     0.124682     0.025339     1.05735     0.11232
0     0.5     100     110     0.136801     0.027776     1.05614     0.1117
0     0.5     110     120     0.14851      0.030129     1.05614     0.11131
0     0.5     120     130     0.159817     0.032399     1.05707     0.1111
0     0.5     130     140     0.170731     0.034588     1.05874     0.11102
0     0.5     140     150     0.181263     0.036699     1.06101     0.11104
0     0.5     150     160     0.19142      0.038733     1.06376     0.11116
0     0.5     160     170     0.201212     0.040694     1.06691     0.11134
0     0.5     170     180     0.210649     0.042582     1.0704      0.11159
0     0.5     180     190     0.219739     0.044401     1.07417     0.11188
0     0.5     190     200     0.228492     0.046152     1.07818     0.11221
0     0.5     200     210     0.236917     0.047838     1.0824      0.11259
0     0.5     210     220     0.245023     0.04946      1.08679     0.11299
0     0.5     220     230     0.252819     0.051021     1.09135     0.11342
0     0.5     230     240     0.260314     0.052523     1.09604     0.11387
0     0.5     240     250     0.267518     0.053968     1.10085     0.11434
0     0.5     250     260     0.27444      0.055358     1.10577     0.11483
0     0.5     260     270     0.281088     0.056695     1.11079     0.11534
0     0.5     270     280     0.287472     0.057982     1.11589     0.11586
0     0.5     280     290     0.293602     0.059221     1.12106     0.11639
0     0.5     290     300     0.299486     0.060413     1.12631     0.11694
0     0.5     300     310     0.305133     0.061561     1.13162     0.11749
0     0.5     310     320     0.310553     0.062667     1.13698     0.11806
0     0.5     320     330     0.315755     0.063734     1.14239     0.11863
0     0.5     330     340     0.320748     0.064762     1.14786     0.11921
0     0.5     340     350     0.325542     0.065755     1.15336     0.1198
0     0.5     350     360     0.330144     0.066715     1.15891     0.12039
0     0.5     360     370     0.334566     0.067644     1.16449     0.12099
0     0.5     370     380     0.338815     0.068543     1.1701      0.1216
0     0.5     380     390     0.3429       0.069415     1.17575     0.12221
0     0.5     390     400     0.346832     0.070263     1.18142     0.12283
0     0.5     400     410     0.350619     0.071087     1.18712     0.12345
0     0.5     410     999     0.354395     0.071853     1.19284     0.12407
0.5   1        20      30     0.02837      0.005898     1.16097     0.13972
0.5   1        30      40     0.045219     0.009309     1.11035     0.12791
0.5   1        40      50     0.061432     0.012587     1.08207     0.12127
0.5   1        50      60     0.077021     0.015736     1.06481     0.11711
0.5   1        60      70     0.092003     0.018757     1.05379     0.11434
0.5   1        70      80     0.106389     0.021656     1.04666     0.11242
0.5   1        80      90     0.120195     0.024434     1.04211     0.11106
0.5   1        90     100     0.133434     0.027096     1.03937     0.11009
0.5   1       100     110     0.14612      0.029643     1.03794     0.1094
0.5   1       110     120     0.158268     0.032079     1.0375      0.10892
0.5   1       120     130     0.169891     0.034408     1.03781     0.1086
0.5   1       130     140     0.181003     0.036632     1.03871     0.1084
0.5   1       140     150     0.191619     0.038755     1.04008     0.10831
0.5   1       150     160     0.201751     0.04078      1.04184     0.1083
0.5   1       160     170     0.211415     0.04271      1.04392     0.10835
0.5   1       170     180     0.220625     0.044548     1.04626     0.10846
0.5   1       180     190     0.229393     0.046297     1.04882     0.10862
0.5   1       190     200     0.237735     0.04796      1.05158     0.10882
0.5   1       200     210     0.245664     0.049541     1.05449     0.10905
0.5   1       210     220     0.253194     0.051042     1.05755     0.10931
0.5   1       220     230     0.26034      0.052467     1.06072     0.10959
0.5   1       230     240     0.267115     0.05382      1.064       0.1099
0.5   1       240     250     0.273533     0.055102     1.06738     0.11023
0.5   1       250     260     0.279608     0.056317     1.07084     0.11057
0.5   1       260     270     0.285354     0.057469     1.07437     0.11093
0.5   1       270     280     0.290786     0.058561     1.07797     0.1113
0.5   1       280     290     0.295917     0.059595     1.08163     0.11169
0.5   1       290     300     0.300761     0.060574     1.08534     0.11209
0.5   1       300     310     0.305332     0.061503     1.08909     0.11249
0.5   1       310     320     0.309644     0.062384     1.09289     0.11291
0.5   1       320     330     0.313712     0.06322      1.09674     0.11333
0.5   1       330     340     0.317548     0.064015     1.10061     0.11376
0.5   1       340     350     0.321168     0.064771     1.10452     0.1142
0.5   1       350     360     0.324585     0.065491     1.10846     0.11464
0.5   1       360     370     0.327813     0.06618      1.11243     0.11509
0.5   1       370     380     0.330867     0.066839     1.11642     0.11555
0.5   1       380     390     0.333759     0.067472     1.12044     0.11601
0.5   1       390     400     0.336505     0.068083     1.12448     0.11647
0.5   1       400     410     0.339118     0.068674     1.12853     0.11694
0.5   1       410     999     0.346231     0.070115     1.13261     0.11741
1     1.5      20      30     0.026104     0.005427     1.10451     0.12748
1     1.5      30      40     0.045451     0.009323     1.09097     0.12246
1     1.5      40      50     0.064032     0.013062     1.0809      0.11881
1     1.5      50      60     0.081866     0.016649     1.07339     0.11612
1     1.5      60      70     0.09897      0.020087     1.06781     0.11411
1     1.5      70      80     0.11536      0.02338      1.06374     0.1126
1     1.5      80      90     0.131055     0.026531     1.06087     0.11148
1     1.5      90     100     0.146071     0.029546     1.05895     0.11065
1     1.5     100     110     0.160426     0.032426     1.05783     0.11006
1     1.5     110     120     0.174137     0.035177     1.05735     0.10965
1     1.5     120     130     0.187221     0.037802     1.05742     0.1094
1     1.5     130     140     0.199695     0.040305     1.05795     0.10927
1     1.5     140     150     0.211578     0.042689     1.05888     0.10924
1     1.5     150     160     0.222886     0.044958     1.06015     0.1093
1     1.5     160     170     0.233636     0.047116     1.0617      0.10944
1     1.5     170     180     0.243845     0.049167     1.06352     0.10964
1     1.5     180     190     0.253532     0.051115     1.06556     0.10989
1     1.5     190     200     0.262713     0.052963     1.0678      0.11019
1     1.5     200     210     0.271405     0.054715     1.07021     0.11053
1     1.5     210     220     0.279626     0.056374     1.07278     0.11091
1     1.5     220     230     0.287393     0.057946     1.07549     0.11131
1     1.5     230     240     0.294723     0.059433     1.07832     0.11175
1     1.5     240     250     0.301634     0.060839     1.08127     0.11221
1     1.5     250     260     0.308143     0.062169     1.08432     0.1127
1     1.5     260     270     0.314267     0.063425     1.08747     0.1132
1     1.5     270     280     0.320023     0.064611     1.0907      0.11372
1     1.5     280     290     0.325429     0.065732     1.094       0.11426
1     1.5     290     300     0.330502     0.066791     1.09738     0.11482
1     1.5     300     310     0.33526      0.067792     1.10082     0.11538
1     1.5     310     320     0.339718     0.068738     1.10433     0.11596
1     1.5     320     330     0.343896     0.069634     1.10788     0.11655
1     1.5     330     340     0.347809     0.070484     1.11149     0.11715
1     1.5     340     350     0.351476     0.07129      1.11515     0.11776
1     1.5     350     360     0.354913     0.072057     1.11885     0.11838
1     1.5     360     370     0.358139     0.072788     1.12258     0.11901
1     1.5     370     380     0.361169     0.073488     1.12636     0.11964
1     1.5     380     390     0.364022     0.074159     1.13018     0.12028
1     1.5     390     400     0.366715     0.074807     1.13402     0.12093
1     1.5     400     410     0.369264     0.075434     1.1379      0.12158
1     1.5     410     999     0.378831     0.077389     1.1418      0.12224
1.5   2        20      30     0.030334     0.00628      1.09064     0.11867
1.5   2        30      40     0.051453     0.010532     1.09114     0.11784
1.5   2        40      50     0.071417     0.01455      1.09173     0.1171
1.5   2        50      60     0.090268     0.018342     1.09241     0.11644
1.5   2        60      70     0.108043     0.021916     1.09319     0.11587
1.5   2        70      80     0.124782     0.025281     1.09406     0.11538
1.5   2        80      90     0.140526     0.028444     1.09501     0.11497
1.5   2        90     100     0.155313     0.031415     1.09604     0.11463
1.5   2       100     110     0.169182     0.034201     1.09716     0.11437
1.5   2       110     120     0.182174     0.03681      1.09834     0.11418
1.5   2       120     130     0.194328     0.039251     1.0996      0.11405
1.5   2       130     140     0.205683     0.041532     1.10093     0.11399
1.5   2       140     150     0.216278     0.043662     1.10233     0.11399
1.5   2       150     160     0.226153     0.045648     1.10379     0.11405
1.5   2       160     170     0.235348     0.047499     1.1053      0.11416
1.5   2       170     180     0.243902     0.049223     1.10688     0.11433
1.5   2       180     190     0.251854     0.050829     1.10851     0.11455
1.5   2       190     200     0.259245     0.052324     1.11019     0.11482
1.5   2       200     210     0.266112     0.053718     1.11191     0.11513
1.5   2       210     220     0.272496     0.055017     1.11368     0.11549
1.5   2       220     230     0.278437     0.056231     1.11549     0.11589
1.5   2       230     240     0.283973     0.057367     1.11734     0.11632
1.5   2       240     250     0.289145     0.058435     1.11923     0.11679
1.5   2       250     260     0.293991     0.059442     1.12114     0.11728
1.5   2       260     270     0.298551     0.060396     1.12309     0.11781
1.5   2       270     280     0.302865     0.061306     1.12505     0.11836
1.5   2       280     290     0.306971     0.06218      1.12704     0.11894
1.5   2       290     300     0.31091      0.063026     1.12905     0.11954
1.5   2       300     310     0.314721     0.063853     1.13108     0.12015
1.5   2       310     320     0.318443     0.064669     1.13311     0.12078
1.5   2       320     330     0.322117     0.065482     1.13516     0.12142
1.5   2       330     340     0.32578      0.0663       1.13721     0.12208
1.5   2       340     350     0.329473     0.067132     1.13927     0.12273
1.5   2       350     360     0.333235     0.067985     1.14132     0.1234
1.5   2       360     370     0.337106     0.068869     1.14338     0.12406
1.5   2       370     380     0.341125     0.069791     1.14542     0.12472
1.5   2       380     390     0.345331     0.07076      1.14746     0.12538
1.5   2       390     400     0.349765     0.071784     1.14948     0.12603
1.5   2       400     410     0.354465     0.072871     1.15149     0.12667
1.5   2       410     999     0.381495     0.078428     1.15347     0.1273
2     2.4      20      30     0.029576     0.006119     1.06582     0.11628
2     2.4      30      40     0.047334     0.009739     1.06828     0.11596
2     2.4      40      50     0.063891     0.013101     1.07105     0.11567
2     2.4      50      60     0.079299     0.016218     1.07408     0.11541
2     2.4      60      70     0.093609     0.0191       1.07734     0.11517
2     2.4      70      80     0.106873     0.021762     1.08078     0.11497
2     2.4      80      90     0.119141     0.024214     1.08438     0.1148
2     2.4      90     100     0.130467     0.026469     1.08809     0.11466
2     2.4     100     110     0.1409       0.028539     1.09187     0.11457
2     2.4     110     120     0.150493     0.030438     1.09569     0.11451
2     2.4     120     130     0.159297     0.032176     1.0995      0.11449
2     2.4     130     140     0.167363     0.033766     1.10326     0.11451
2     2.4     140     150     0.174743     0.035221     1.10695     0.11458
2     2.4     150     160     0.181489     0.036552     1.11051     0.11469
2     2.4     160     170     0.187651     0.037773     1.11392     0.11485
2     2.4     170     180     0.193281     0.038895     1.11713     0.11507
2     2.4     180     190     0.198432     0.03993      1.1201      0.11533
2     2.4     190     200     0.203153     0.040891     1.1228      0.11564
2     2.4     200     210     0.207497     0.04179      1.12518     0.11601
2     2.4     210     220     0.211515     0.04264      1.12721     0.11644
2     2.4     220     230     0.215259     0.043452     1.12885     0.11692
2     2.4     230     240     0.218779     0.044239     1.13006     0.11746
2     2.4     240     250     0.222129     0.045013     1.13081     0.11807
2     2.4     250     260     0.225358     0.045787     1.13104     0.11873
2     2.4     260     270     0.228518     0.046572     1.13073     0.11947
2     2.4     270     280     0.231662     0.047381     1.12984     0.12027
2     2.4     280     290     0.234839     0.048226     1.12832     0.12114
2     2.4     290     300     0.238103     0.04912      1.12614     0.12207
2     2.4     300     310     0.241504     0.050075     1.12326     0.12309
2     2.4     310     320     0.245093     0.051102     1.11964     0.12417
2     2.4     320     330     0.248923     0.052215     1.11525     0.12533
2     2.4     330     340     0.253044     0.053426     1.11003     0.12657
2     2.4     340     350     0.257508     0.054746     1.10397     0.12789
2     2.4     350     360     0.262367     0.056188     1.09701     0.12928
2     2.4     360     370     0.267672     0.057765     1.08911     0.13076
2     2.4     370     380     0.273475     0.059488     1.08025     0.13233
2     2.4     380     390     0.279826     0.06137      1.07038     0.13398
2     2.4     390     400     0.286778     0.063424     1.05946     0.13572
2     2.4     400     410     0.294381     0.06566      1.04745     0.13755
2     2.4     410     999     0.187409     0.0418       1.03431     0.13947

