20 | 100 | 2.863E-06
20 | 120 | 2.172E-07
20 | 140 | 9.676E-08
20 | 160 | 4.904E-08
20 | 180 | 2.693E-08
20 | 200 | 1.548E-08
40 | 80 | 1.781E-05
40 | 100 | 2.115E-06
40 | 120 | 2.104E-07
40 | 140 | 9.407E-08
40 | 160 | 4.820E-08
40 | 180 | 2.637E-08
40 | 200 | 1.518E-08
40 | 220 | 9.163E-09
40 | 240 | 5.739E-09
40 | 260 | 3.699E-09
40 | 280 | 2.435E-09
60 | 40 | 3.101E-05
60 | 60 | 2.113E-05
60 | 80 | 1.627E-05
60 | 100 | 1.980E-06
60 | 120 | 2.024E-07
60 | 140 | 9.171E-08
60 | 160 | 4.682E-08
60 | 180 | 2.570E-08
60 | 200 | 1.493E-08
60 | 220 | 8.989E-09
60 | 240 | 5.609E-09
60 | 260 | 3.624E-09
60 | 280 | 2.399E-09
60 | 300 | 1.618E-09
60 | 320 | 1.114E-09
60 | 340 | 7.799E-10
60 | 360 | 5.543E-10
80 | 40 | 2.862E-05
80 | 60 | 2.033E-05
80 | 80 | 1.603E-05
80 | 100 | 1.841E-06
80 | 120 | 1.929E-07
80 | 140 | 8.785E-08
80 | 160 | 4.504E-08
80 | 180 | 2.483E-08
80 | 200 | 1.444E-08
80 | 220 | 8.723E-09
80 | 240 | 5.470E-09
80 | 260 | 3.522E-09
80 | 280 | 2.339E-09
80 | 300 | 1.577E-09
80 | 320 | 1.089E-09
80 | 340 | 7.621E-10
80 | 360 | 5.431E-10
80 | 380 | 3.905E-10
80 | 400 | 2.856E-10
80 | 420 | 2.108E-10
80 | 440 | 1.576E-10
100 | 40 | 2.826E-05
100 | 60 | 2.017E-05
100 | 80 | 1.567E-05
100 | 100 | 1.682E-06
100 | 120 | 1.837E-07
100 | 140 | 8.402E-08
100 | 160 | 4.334E-08
100 | 180 | 2.390E-08
100 | 200 | 1.397E-08
100 | 220 | 8.492E-09
100 | 240 | 5.308E-09
100 | 260 | 3.436E-09
100 | 280 | 2.280E-09
100 | 300 | 1.539E-09
100 | 320 | 1.061E-09
100 | 340 | 7.436E-10
100 | 360 | 5.269E-10
100 | 380 | 3.813E-10
100 | 400 | 2.783E-10
100 | 420 | 2.056E-10
100 | 440 | 1.539E-10
100 | 460 | 1.158E-10
100 | 480 | 8.835E-11
100 | 500 | 6.795E-11
100 | 520 | 5.264E-11
120 | 60 | 2.004E-05
120 | 80 | 1.533E-05
120 | 100 | 1.497E-06
120 | 120 | 1.728E-07
120 | 140 | 7.946E-08
120 | 160 | 4.123E-08
120 | 180 | 2.309E-08
120 | 200 | 1.348E-08
120 | 220 | 8.198E-09
120 | 240 | 5.170E-09
120 | 260 | 3.339E-09
120 | 280 | 2.207E-09
120 | 300 | 1.493E-09
120 | 320 | 1.028E-09
120 | 340 | 7.225E-10
120 | 360 | 5.141E-10
120 | 380 | 3.700E-10
120 | 400 | 2.711E-10
120 | 420 | 1.999E-10
120 | 440 | 1.497E-10
120 | 460 | 1.130E-10
120 | 480 | 8.593E-11
120 | 500 | 6.587E-11
120 | 520 | 5.119E-11
120 | 540 | 3.999E-11
120 | 560 | 3.146E-11
120 | 580 | 2.492E-11
120 | 600 | 1.979E-11
120 | 620 | 1.597E-11
140 | 60 | 1.992E-05
140 | 80 | 1.489E-05
140 | 100 | 1.280E-06
140 | 120 | 1.623E-07
140 | 140 | 7.511E-08
140 | 160 | 3.932E-08
140 | 180 | 2.197E-08
140 | 200 | 1.293E-08
140 | 220 | 7.898E-09
140 | 240 | 4.967E-09
140 | 260 | 3.217E-09
140 | 280 | 2.146E-09
140 | 300 | 1.451E-09
140 | 320 | 1.000E-09
140 | 340 | 7.021E-10
140 | 360 | 4.995E-10
140 | 380 | 3.595E-10
140 | 400 | 2.633E-10
140 | 420 | 1.951E-10
140 | 440 | 1.451E-10
140 | 460 | 1.093E-10
140 | 480 | 8.350E-11
140 | 500 | 6.408E-11
140 | 520 | 4.952E-11
140 | 540 | 3.865E-11
140 | 560 | 3.032E-11
140 | 580 | 2.414E-11
140 | 600 | 1.918E-11
140 | 620 | 1.537E-11
140 | 640 | 1.247E-11
140 | 660 | 1.018E-11
140 | 680 | 8.290E-12
140 | 700 | 6.859E-12
160 | 60 | 1.994E-05
160 | 80 | 1.438E-05
160 | 100 | 1.021E-06
160 | 120 | 1.512E-07
160 | 140 | 7.056E-08
160 | 160 | 3.712E-08
160 | 180 | 2.093E-08
160 | 200 | 1.241E-08
160 | 220 | 7.573E-09
160 | 240 | 4.793E-09
160 | 260 | 3.099E-09
160 | 280 | 2.072E-09
160 | 300 | 1.406E-09
160 | 320 | 9.702E-10
160 | 340 | 6.824E-10
160 | 360 | 4.847E-10
160 | 380 | 3.495E-10
160 | 400 | 2.554E-10
160 | 420 | 1.888E-10
160 | 440 | 1.410E-10
160 | 460 | 1.060E-10
160 | 480 | 8.090E-11
160 | 500 | 6.208E-11
160 | 520 | 4.809E-11
160 | 540 | 3.739E-11
160 | 560 | 2.935E-11
160 | 580 | 2.329E-11
160 | 600 | 1.848E-11
160 | 620 | 1.488E-11
160 | 640 | 1.202E-11
160 | 660 | 9.740E-12
160 | 680 | 7.959E-12
160 | 700 | 6.532E-12
160 | 720 | 5.416E-12
160 | 740 | 4.507E-12
160 | 760 | 3.766E-12
180 | 60 | 1.999E-05
180 | 80 | 1.380E-05
180 | 100 | 7.764E-07
180 | 120 | 1.414E-07
180 | 140 | 6.637E-08
180 | 160 | 3.517E-08
180 | 180 | 1.980E-08
180 | 200 | 1.181E-08
180 | 220 | 7.247E-09
180 | 240 | 4.602E-09
180 | 260 | 2.994E-09
180 | 280 | 1.998E-09
180 | 300 | 1.356E-09
180 | 320 | 9.381E-10
180 | 340 | 6.574E-10
180 | 360 | 4.698E-10
180 | 380 | 3.395E-10
180 | 400 | 2.489E-10
180 | 420 | 1.833E-10
180 | 440 | 1.375E-10
180 | 460 | 1.033E-10
180 | 480 | 7.852E-11
180 | 500 | 6.012E-11
180 | 520 | 4.646E-11
180 | 540 | 3.630E-11
180 | 560 | 2.848E-11
180 | 580 | 2.250E-11
180 | 600 | 1.792E-11
180 | 620 | 1.425E-11
180 | 640 | 1.158E-11
180 | 660 | 9.405E-12
180 | 680 | 7.675E-12
180 | 700 | 6.273E-12
180 | 720 | 5.215E-12
180 | 740 | 4.318E-12
180 | 760 | 3.619E-12
200 | 20 | 8.856E-05
200 | 40 | 2.602E-05
200 | 60 | 2.010E-05
200 | 80 | 1.300E-05
200 | 100 | 5.935E-07
200 | 120 | 1.310E-07
200 | 140 | 6.180E-08
200 | 160 | 3.305E-08
200 | 180 | 1.876E-08
200 | 200 | 1.117E-08
200 | 220 | 6.890E-09
200 | 240 | 4.405E-09
200 | 260 | 2.889E-09
200 | 280 | 1.925E-09
200 | 300 | 1.315E-09
200 | 320 | 9.034E-10
200 | 340 | 6.384E-10
200 | 360 | 4.565E-10
200 | 380 | 3.294E-10
200 | 400 | 2.410E-10
200 | 420 | 1.781E-10
200 | 440 | 1.330E-10
200 | 460 | 1.002E-10
200 | 480 | 7.592E-11
200 | 500 | 5.834E-11
200 | 520 | 4.509E-11
200 | 540 | 3.515E-11
200 | 560 | 2.747E-11
200 | 580 | 2.170E-11
200 | 600 | 1.733E-11
200 | 620 | 1.384E-11
200 | 640 | 1.115E-11
200 | 660 | 9.011E-12
200 | 680 | 7.356E-12
200 | 700 | 6.036E-12
200 | 720 | 4.997E-12
200 | 740 | 4.130E-12
200 | 760 | 3.454E-12
220 | 20 | 8.728E-05
220 | 40 | 2.428E-05
220 | 60 | 2.026E-05
220 | 80 | 1.201E-05
220 | 100 | 4.830E-07
220 | 120 | 1.217E-07
220 | 140 | 5.755E-08
220 | 160 | 3.099E-08
220 | 180 | 1.770E-08
220 | 200 | 1.062E-08
220 | 220 | 6.581E-09
220 | 240 | 4.209E-09
220 | 260 | 2.758E-09
220 | 280 | 1.852E-09
220 | 300 | 1.268E-09
220 | 320 | 8.779E-10
220 | 340 | 6.179E-10
220 | 360 | 4.420E-10
220 | 380 | 3.191E-10
220 | 400 | 2.339E-10
220 | 420 | 1.733E-10
220 | 440 | 1.288E-10
220 | 460 | 9.712E-11
220 | 480 | 7.393E-11
220 | 500 | 5.655E-11
220 | 520 | 4.381E-11
220 | 540 | 3.397E-11
220 | 560 | 2.665E-11
220 | 580 | 2.100E-11
220 | 600 | 1.673E-11
220 | 620 | 1.337E-11
220 | 640 | 1.075E-11
220 | 660 | 8.715E-12
220 | 680 | 7.145E-12
220 | 700 | 5.816E-12
220 | 720 | 4.799E-12
220 | 740 | 3.978E-12
220 | 760 | 3.312E-12
240 | 20 | 8.673E-05
240 | 40 | 2.371E-05
240 | 60 | 2.037E-05
240 | 80 | 1.078E-05
240 | 100 | 4.102E-07
240 | 120 | 1.130E-07
240 | 140 | 5.386E-08
240 | 160 | 2.909E-08
240 | 180 | 1.670E-08
240 | 200 | 1.006E-08
240 | 220 | 6.246E-09
240 | 240 | 4.004E-09
240 | 260 | 2.645E-09
240 | 280 | 1.776E-09
240 | 300 | 1.215E-09
240 | 320 | 8.464E-10
240 | 340 | 5.962E-10
240 | 360 | 4.278E-10
240 | 380 | 3.088E-10
240 | 400 | 2.271E-10
240 | 420 | 1.677E-10
240 | 440 | 1.251E-10
240 | 460 | 9.415E-11
240 | 480 | 7.151E-11
240 | 500 | 5.506E-11
240 | 520 | 4.243E-11
240 | 540 | 3.301E-11
240 | 560 | 2.584E-11
240 | 580 | 2.037E-11
240 | 600 | 1.620E-11
240 | 620 | 1.291E-11
240 | 640 | 1.037E-11
240 | 660 | 8.409E-12
240 | 680 | 6.838E-12
240 | 700 | 5.592E-12
240 | 720 | 4.626E-12
240 | 740 | 3.808E-12
240 | 760 | 3.184E-12
260 | 20 | 8.649E-05
260 | 40 | 2.361E-05
260 | 60 | 2.057E-05
260 | 80 | 9.270E-06
260 | 100 | 3.574E-07
260 | 120 | 1.047E-07
260 | 140 | 5.019E-08
260 | 160 | 2.722E-08
260 | 180 | 1.573E-08
260 | 200 | 9.504E-09
260 | 220 | 5.927E-09
260 | 240 | 3.839E-09
260 | 260 | 2.517E-09
260 | 280 | 1.701E-09
260 | 300 | 1.171E-09
260 | 320 | 8.160E-10
260 | 340 | 5.774E-10
260 | 360 | 4.118E-10
260 | 380 | 2.990E-10
260 | 400 | 2.196E-10
260 | 420 | 1.626E-10
260 | 440 | 1.215E-10
260 | 460 | 9.183E-11
260 | 480 | 6.961E-11
260 | 500 | 5.324E-11
260 | 520 | 4.118E-11
260 | 540 | 3.210E-11
260 | 560 | 2.513E-11
260 | 580 | 1.980E-11
260 | 600 | 1.565E-11
260 | 620 | 1.252E-11
260 | 640 | 1.009E-11
260 | 660 | 8.130E-12
260 | 680 | 6.621E-12
260 | 700 | 5.416E-12
260 | 720 | 4.440E-12
260 | 740 | 3.671E-12
260 | 760 | 3.057E-12
280 | 40 | 2.374E-05
280 | 60 | 2.068E-05
280 | 80 | 8.289E-06
280 | 100 | 3.171E-07
280 | 120 | 9.738E-08
280 | 140 | 4.666E-08
280 | 160 | 2.555E-08
280 | 180 | 1.474E-08
280 | 200 | 8.966E-09
280 | 220 | 5.642E-09
280 | 240 | 3.653E-09
280 | 260 | 2.414E-09
280 | 280 | 1.633E-09
280 | 300 | 1.121E-09
280 | 320 | 7.852E-10
280 | 340 | 5.556E-10
280 | 360 | 4.000E-10
280 | 380 | 2.902E-10
280 | 400 | 2.131E-10
280 | 420 | 1.581E-10
280 | 440 | 1.179E-10
280 | 460 | 8.882E-11
280 | 480 | 6.766E-11
280 | 500 | 5.172E-11
280 | 520 | 3.999E-11
280 | 540 | 3.112E-11
280 | 560 | 2.441E-11
280 | 580 | 1.918E-11
280 | 600 | 1.527E-11
280 | 620 | 1.215E-11
280 | 640 | 9.717E-12
280 | 660 | 7.859E-12
280 | 680 | 6.392E-12
280 | 700 | 5.235E-12
280 | 720 | 4.279E-12
280 | 740 | 3.549E-12
280 | 760 | 2.946E-12
300 | 40 | 2.392E-05
300 | 60 | 2.084E-05
300 | 80 | 7.699E-06
300 | 100 | 2.849E-07
300 | 120 | 9.057E-08
300 | 140 | 4.365E-08
300 | 160 | 2.382E-08
300 | 180 | 1.391E-08
300 | 200 | 8.471E-09
300 | 220 | 5.344E-09
300 | 240 | 3.469E-09
300 | 260 | 2.303E-09
300 | 280 | 1.562E-09
300 | 300 | 1.076E-09
300 | 320 | 7.535E-10
300 | 340 | 5.357E-10
300 | 360 | 3.856E-10
300 | 380 | 2.802E-10
300 | 400 | 2.058E-10
300 | 420 | 1.531E-10
300 | 440 | 1.145E-10
300 | 460 | 8.641E-11
300 | 480 | 6.569E-11
300 | 500 | 5.048E-11
300 | 520 | 3.898E-11
300 | 540 | 3.022E-11
300 | 560 | 2.368E-11
300 | 580 | 1.873E-11
300 | 600 | 1.482E-11
300 | 620 | 1.182E-11
300 | 640 | 9.424E-12
300 | 660 | 7.649E-12
300 | 680 | 6.206E-12
300 | 700 | 5.069E-12
300 | 720 | 4.150E-12
300 | 740 | 3.434E-12
300 | 760 | 2.836E-12
320 | 40 | 2.422E-05
320 | 60 | 2.106E-05
320 | 80 | 7.187E-06
320 | 100 | 2.582E-07
320 | 120 | 8.425E-08
320 | 140 | 4.076E-08
320 | 160 | 2.228E-08
320 | 180 | 1.306E-08
320 | 200 | 7.997E-09
320 | 220 | 5.052E-09
320 | 240 | 3.304E-09
320 | 260 | 2.193E-09
320 | 280 | 1.487E-09
320 | 300 | 1.031E-09
320 | 320 | 7.215E-10
320 | 340 | 5.166E-10
320 | 360 | 3.716E-10
320 | 380 | 2.701E-10
320 | 400 | 1.994E-10
320 | 420 | 1.480E-10
320 | 440 | 1.109E-10
320 | 460 | 8.404E-11
320 | 480 | 6.415E-11
320 | 500 | 4.903E-11
320 | 520 | 3.799E-11
320 | 540 | 2.951E-11
320 | 560 | 2.310E-11
320 | 580 | 1.817E-11
320 | 600 | 1.443E-11
320 | 620 | 1.150E-11
320 | 640 | 9.185E-12
320 | 660 | 7.409E-12
320 | 680 | 6.004E-12
320 | 700 | 4.907E-12
320 | 720 | 4.017E-12
320 | 740 | 3.309E-12
320 | 760 | 2.749E-12
340 | 40 | 2.445E-05
340 | 60 | 2.113E-05
340 | 80 | 6.775E-06
340 | 100 | 2.350E-07
340 | 120 | 7.900E-08
340 | 140 | 3.817E-08
340 | 160 | 2.098E-08
340 | 180 | 1.229E-08
340 | 200 | 7.532E-09
340 | 220 | 4.789E-09
340 | 240 | 3.129E-09
340 | 260 | 2.089E-09
340 | 280 | 1.426E-09
340 | 300 | 9.897E-10
340 | 320 | 6.959E-10
340 | 340 | 4.965E-10
340 | 360 | 3.587E-10
340 | 380 | 2.622E-10
340 | 400 | 1.923E-10
340 | 420 | 1.432E-10
340 | 440 | 1.078E-10
340 | 460 | 8.152E-11
340 | 480 | 6.203E-11
340 | 500 | 4.759E-11
340 | 520 | 3.695E-11
340 | 540 | 2.869E-11
340 | 560 | 2.243E-11
340 | 580 | 1.774E-11
340 | 600 | 1.407E-11
340 | 620 | 1.116E-11
340 | 640 | 8.928E-12
340 | 660 | 7.223E-12
340 | 680 | 5.844E-12
340 | 700 | 4.778E-12
340 | 720 | 3.900E-12
340 | 740 | 3.208E-12
340 | 760 | 2.658E-12
360 | 40 | 2.480E-05
360 | 60 | 2.123E-05
360 | 80 | 6.347E-06
360 | 100 | 2.158E-07
360 | 120 | 7.393E-08
360 | 140 | 3.582E-08
360 | 160 | 1.965E-08
360 | 180 | 1.155E-08
360 | 200 | 7.103E-09
360 | 220 | 4.526E-09
360 | 240 | 2.969E-09
360 | 260 | 1.990E-09
360 | 280 | 1.359E-09
360 | 300 | 9.456E-10
360 | 320 | 6.674E-10
360 | 340 | 4.775E-10
360 | 360 | 3.450E-10
360 | 380 | 2.516E-10
360 | 400 | 1.862E-10
360 | 420 | 1.388E-10
360 | 440 | 1.043E-10
360 | 460 | 7.910E-11
360 | 480 | 6.045E-11
360 | 500 | 4.637E-11
360 | 520 | 3.592E-11
360 | 540 | 2.804E-11
360 | 560 | 2.198E-11
360 | 580 | 1.731E-11
360 | 600 | 1.367E-11
360 | 620 | 1.092E-11
360 | 640 | 8.767E-12
360 | 660 | 7.028E-12
360 | 680 | 5.694E-12
360 | 700 | 4.641E-12
360 | 720 | 3.814E-12
360 | 740 | 3.123E-12
360 | 760 | 2.591E-12
380 | 40 | 2.506E-05
380 | 60 | 2.136E-05
380 | 80 | 5.953E-06
380 | 100 | 1.999E-07
380 | 120 | 6.970E-08
380 | 140 | 3.365E-08
380 | 160 | 1.853E-08
380 | 180 | 1.091E-08
380 | 200 | 6.686E-09
380 | 220 | 4.290E-09
380 | 240 | 2.817E-09
380 | 260 | 1.891E-09
380 | 280 | 1.300E-09
380 | 300 | 9.061E-10
380 | 320 | 6.417E-10
380 | 340 | 4.586E-10
380 | 360 | 3.323E-10
380 | 380 | 2.441E-10
380 | 400 | 1.805E-10
380 | 420 | 1.345E-10
380 | 440 | 1.017E-10
380 | 460 | 7.669E-11
380 | 480 | 5.866E-11
380 | 500 | 4.503E-11
380 | 520 | 3.500E-11
380 | 540 | 2.725E-11
380 | 560 | 2.137E-11
380 | 580 | 1.682E-11
380 | 600 | 1.338E-11
380 | 620 | 1.064E-11
380 | 640 | 8.537E-12
380 | 660 | 6.867E-12
380 | 680 | 5.569E-12
380 | 700 | 4.531E-12
380 | 720 | 3.701E-12
380 | 740 | 3.038E-12
380 | 760 | 2.518E-12
400 | 40 | 2.530E-05
400 | 60 | 2.139E-05
400 | 80 | 5.549E-06
400 | 100 | 1.854E-07
400 | 120 | 6.555E-08
400 | 140 | 3.169E-08
400 | 160 | 1.737E-08
400 | 180 | 1.026E-08
400 | 200 | 6.340E-09
400 | 220 | 4.062E-09
400 | 240 | 2.677E-09
400 | 260 | 1.803E-09
400 | 280 | 1.244E-09
400 | 300 | 8.642E-10
400 | 320 | 6.147E-10
400 | 340 | 4.420E-10
400 | 360 | 3.201E-10
400 | 380 | 2.352E-10
400 | 400 | 1.739E-10
400 | 420 | 1.306E-10
400 | 440 | 9.829E-11
400 | 460 | 7.456E-11
400 | 480 | 5.717E-11
400 | 500 | 4.403E-11
400 | 520 | 3.411E-11
400 | 540 | 2.660E-11
400 | 560 | 2.090E-11
400 | 580 | 1.642E-11
400 | 600 | 1.307E-11
400 | 620 | 1.041E-11
400 | 640 | 8.350E-12
400 | 660 | 6.708E-12
400 | 680 | 5.445E-12
400 | 700 | 4.431E-12
400 | 720 | 3.629E-12
400 | 740 | 2.978E-12
400 | 760 | 2.452E-12
420 | 40 | 2.563E-05
420 | 60 | 2.144E-05
420 | 80 | 5.127E-06
420 | 100 | 1.732E-07
420 | 120 | 6.222E-08
420 | 140 | 2.992E-08
420 | 160 | 1.643E-08
420 | 180 | 9.648E-09
420 | 200 | 6.004E-09
420 | 220 | 3.844E-09
420 | 240 | 2.543E-09
420 | 260 | 1.723E-09
420 | 280 | 1.188E-09
420 | 300 | 8.294E-10
420 | 320 | 5.889E-10
420 | 340 | 4.251E-10
420 | 360 | 3.098E-10
420 | 380 | 2.267E-10
420 | 400 | 1.683E-10
420 | 420 | 1.264E-10
420 | 440 | 9.524E-11
420 | 460 | 7.259E-11
420 | 480 | 5.558E-11
420 | 500 | 4.276E-11
420 | 520 | 3.331E-11
420 | 540 | 2.596E-11
420 | 560 | 2.040E-11
420 | 580 | 1.604E-11
420 | 600 | 1.276E-11
420 | 620 | 1.022E-11
420 | 640 | 8.156E-12
420 | 660 | 6.571E-12
420 | 680 | 5.322E-12
420 | 700 | 4.335E-12
420 | 720 | 3.539E-12
420 | 740 | 2.904E-12
420 | 760 | 2.399E-12
440 | 40 | 2.603E-05
440 | 60 | 2.147E-05
440 | 80 | 4.721E-06
440 | 100 | 1.623E-07
440 | 120 | 5.883E-08
440 | 140 | 2.833E-08
440 | 160 | 1.551E-08
440 | 180 | 9.157E-09
440 | 200 | 5.681E-09
440 | 220 | 3.647E-09
440 | 240 | 2.411E-09
440 | 260 | 1.642E-09
440 | 280 | 1.129E-09
440 | 300 | 7.927E-10
440 | 320 | 5.648E-10
440 | 340 | 4.075E-10
440 | 360 | 2.973E-10
440 | 380 | 2.189E-10
440 | 400 | 1.632E-10
440 | 420 | 1.225E-10
440 | 440 | 9.246E-11
440 | 460 | 7.033E-11
440 | 480 | 5.401E-11
440 | 500 | 4.164E-11
440 | 520 | 3.229E-11
440 | 540 | 2.536E-11
440 | 560 | 1.989E-11
440 | 580 | 1.575E-11
440 | 600 | 1.251E-11
440 | 620 | 9.979E-12
440 | 640 | 7.983E-12
440 | 660 | 6.449E-12
440 | 680 | 5.202E-12
440 | 700 | 4.230E-12
440 | 720 | 3.481E-12
440 | 740 | 2.851E-12
440 | 760 | 2.347E-12
460 | 40 | 2.619E-05
460 | 60 | 2.140E-05
460 | 80 | 4.293E-06
460 | 100 | 1.531E-07
460 | 120 | 5.586E-08
460 | 140 | 2.693E-08
460 | 160 | 1.479E-08
460 | 180 | 8.699E-09
460 | 200 | 5.387E-09
460 | 220 | 3.469E-09
460 | 240 | 2.294E-09
460 | 260 | 1.564E-09
460 | 280 | 1.079E-09
460 | 300 | 7.591E-10
460 | 320 | 5.415E-10
460 | 340 | 3.926E-10
460 | 360 | 2.859E-10
460 | 380 | 2.115E-10
460 | 400 | 1.579E-10
460 | 420 | 1.184E-10
460 | 440 | 8.964E-11
460 | 460 | 6.847E-11
460 | 480 | 5.252E-11
460 | 500 | 4.072E-11
460 | 520 | 3.159E-11
460 | 540 | 2.481E-11
460 | 560 | 1.947E-11
460 | 580 | 1.526E-11
460 | 600 | 1.223E-11
460 | 620 | 9.780E-12
460 | 640 | 7.863E-12
460 | 660 | 6.311E-12
460 | 680 | 5.105E-12
460 | 700 | 4.154E-12
460 | 720 | 3.394E-12
460 | 740 | 2.787E-12
460 | 760 | 2.293E-12
480 | 40 | 2.648E-05
480 | 60 | 2.132E-05
480 | 80 | 3.842E-06
480 | 100 | 1.448E-07
480 | 120 | 5.324E-08
480 | 140 | 2.557E-08
480 | 160 | 1.400E-08
480 | 180 | 8.238E-09
480 | 200 | 5.122E-09
480 | 220 | 3.291E-09
480 | 240 | 2.194E-09
480 | 260 | 1.486E-09
480 | 280 | 1.033E-09
480 | 300 | 7.279E-10
480 | 320 | 5.212E-10
480 | 340 | 3.774E-10
480 | 360 | 2.764E-10
480 | 380 | 2.040E-10
480 | 400 | 1.528E-10
480 | 420 | 1.147E-10
480 | 440 | 8.685E-11
480 | 460 | 6.669E-11
480 | 480 | 5.110E-11
480 | 500 | 3.954E-11
480 | 520 | 3.085E-11
480 | 540 | 2.409E-11
480 | 560 | 1.901E-11
480 | 580 | 1.503E-11
480 | 600 | 1.196E-11
480 | 620 | 9.574E-12
480 | 640 | 7.668E-12
480 | 660 | 6.193E-12
480 | 680 | 5.005E-12
480 | 700 | 4.077E-12
480 | 720 | 3.351E-12
480 | 740 | 2.743E-12
480 | 760 | 2.257E-12
500 | 40 | 2.667E-05
500 | 60 | 2.126E-05
500 | 80 | 3.343E-06
500 | 100 | 1.377E-07
500 | 120 | 5.095E-08
500 | 140 | 2.452E-08
500 | 160 | 1.330E-08
500 | 180 | 7.839E-09
500 | 200 | 4.866E-09
500 | 220 | 3.141E-09
500 | 240 | 2.090E-09
500 | 260 | 1.422E-09
500 | 280 | 9.886E-10
500 | 300 | 7.000E-10
500 | 320 | 4.990E-10
500 | 340 | 3.638E-10
500 | 360 | 2.664E-10
500 | 380 | 1.971E-10
500 | 400 | 1.476E-10
500 | 420 | 1.113E-10
500 | 440 | 8.461E-11
500 | 460 | 6.458E-11
500 | 480 | 4.975E-11
500 | 500 | 3.869E-11
500 | 520 | 3.008E-11
500 | 540 | 2.357E-11
500 | 560 | 1.867E-11
500 | 580 | 1.472E-11
500 | 600 | 1.176E-11
500 | 620 | 9.382E-12
500 | 640 | 7.545E-12
500 | 660 | 6.086E-12
500 | 680 | 4.939E-12
500 | 700 | 4.013E-12
500 | 720 | 3.282E-12
500 | 740 | 2.697E-12
500 | 760 | 2.213E-12
520 | 40 | 2.694E-05
520 | 60 | 2.112E-05
520 | 80 | 2.817E-06
520 | 100 | 1.305E-07
520 | 120 | 4.869E-08
520 | 140 | 2.339E-08
520 | 160 | 1.274E-08
520 | 180 | 7.482E-09
520 | 200 | 4.650E-09
520 | 220 | 2.995E-09
520 | 240 | 1.998E-09
520 | 260 | 1.362E-09
520 | 280 | 9.481E-10
520 | 300 | 6.732E-10
520 | 320 | 4.800E-10
520 | 340 | 3.498E-10
520 | 360 | 2.565E-10
520 | 380 | 1.907E-10
520 | 400 | 1.430E-10
520 | 420 | 1.077E-10
520 | 440 | 8.202E-11
520 | 460 | 6.264E-11
520 | 480 | 4.854E-11
520 | 500 | 3.767E-11
520 | 520 | 2.938E-11
520 | 540 | 2.311E-11
520 | 560 | 1.824E-11
520 | 580 | 1.443E-11
520 | 600 | 1.150E-11
520 | 620 | 9.214E-12
520 | 640 | 7.397E-12
520 | 660 | 5.982E-12
520 | 680 | 4.869E-12
520 | 700 | 3.956E-12
520 | 720 | 3.229E-12
520 | 740 | 2.657E-12
520 | 760 | 2.180E-12
540 | 20 | 9.329E-05
540 | 40 | 2.697E-05
540 | 60 | 2.096E-05
540 | 80 | 2.349E-06
540 | 100 | 1.248E-07
540 | 120 | 4.674E-08
540 | 140 | 2.242E-08
540 | 160 | 1.217E-08
540 | 180 | 7.165E-09
540 | 200 | 4.434E-09
540 | 220 | 2.858E-09
540 | 240 | 1.909E-09
540 | 260 | 1.308E-09
540 | 280 | 9.041E-10
540 | 300 | 6.436E-10
540 | 320 | 4.623E-10
540 | 340 | 3.369E-10
540 | 360 | 2.486E-10
540 | 380 | 1.845E-10
540 | 400 | 1.381E-10
540 | 420 | 1.048E-10
540 | 440 | 7.961E-11
540 | 460 | 6.131E-11
540 | 480 | 4.716E-11
540 | 500 | 3.677E-11
540 | 520 | 2.863E-11
540 | 540 | 2.260E-11
540 | 560 | 1.784E-11
540 | 580 | 1.419E-11
540 | 600 | 1.133E-11
540 | 620 | 9.045E-12
540 | 640 | 7.291E-12
540 | 660 | 5.882E-12
540 | 680 | 4.783E-12
540 | 700 | 3.895E-12
540 | 720 | 3.186E-12
540 | 740 | 2.622E-12
540 | 760 | 2.151E-12
560 | 20 | 9.122E-05
560 | 40 | 2.725E-05
560 | 60 | 2.086E-05
560 | 80 | 2.047E-06
560 | 100 | 1.197E-07
560 | 120 | 4.517E-08
560 | 140 | 2.154E-08
560 | 160 | 1.171E-08
560 | 180 | 6.851E-09
560 | 200 | 4.254E-09
560 | 220 | 2.744E-09
560 | 240 | 1.830E-09
560 | 260 | 1.250E-09
560 | 280 | 8.741E-10
560 | 300 | 6.188E-10
560 | 320 | 4.461E-10
560 | 340 | 3.244E-10
560 | 360 | 2.391E-10
560 | 380 | 1.785E-10
560 | 400 | 1.340E-10
560 | 420 | 1.015E-10
560 | 440 | 7.746E-11
560 | 460 | 5.976E-11
560 | 480 | 4.619E-11
560 | 500 | 3.592E-11
560 | 520 | 2.807E-11
560 | 540 | 2.212E-11
560 | 560 | 1.743E-11
560 | 580 | 1.393E-11
560 | 600 | 1.107E-11
560 | 620 | 8.894E-12
560 | 640 | 7.153E-12
560 | 660 | 5.810E-12
560 | 680 | 4.712E-12
560 | 700 | 3.840E-12
560 | 720 | 3.139E-12
560 | 740 | 2.584E-12
560 | 760 | 2.129E-12
580 | 20 | 9.017E-05
580 | 40 | 2.752E-05
580 | 60 | 2.069E-05
580 | 80 | 1.823E-06
580 | 100 | 1.151E-07
580 | 120 | 4.364E-08
580 | 140 | 2.081E-08
580 | 160 | 1.126E-08
580 | 180 | 6.567E-09
580 | 200 | 4.064E-09
580 | 220 | 2.642E-09
580 | 240 | 1.758E-09
580 | 260 | 1.201E-09
580 | 280 | 8.373E-10
580 | 300 | 5.958E-10
580 | 320 | 4.299E-10
580 | 340 | 3.128E-10
580 | 360 | 2.312E-10
580 | 380 | 1.732E-10
580 | 400 | 1.299E-10
580 | 420 | 9.864E-11
580 | 440 | 7.561E-11
580 | 460 | 5.792E-11
580 | 480 | 4.492E-11
580 | 500 | 3.518E-11
580 | 520 | 2.744E-11
580 | 540 | 2.163E-11
580 | 560 | 1.712E-11
580 | 580 | 1.365E-11
580 | 600 | 1.089E-11
580 | 620 | 8.785E-12
580 | 640 | 7.048E-12
580 | 660 | 5.716E-12
580 | 680 | 4.641E-12
580 | 700 | 3.788E-12
580 | 720 | 3.101E-12
580 | 740 | 2.558E-12
580 | 760 | 2.102E-12
600 | 20 | 8.947E-05
600 | 40 | 2.762E-05
600 | 60 | 2.057E-05
600 | 80 | 1.649E-06
600 | 100 | 1.112E-07
600 | 120 | 4.214E-08
600 | 140 | 2.012E-08
600 | 160 | 1.084E-08
600 | 180 | 6.356E-09
600 | 200 | 3.919E-09
600 | 220 | 2.533E-09
600 | 240 | 1.685E-09
600 | 260 | 1.153E-09
600 | 280 | 8.059E-10
600 | 300 | 5.763E-10
600 | 320 | 4.143E-10
600 | 340 | 3.034E-10
600 | 360 | 2.244E-10
600 | 380 | 1.675E-10
600 | 400 | 1.264E-10
600 | 420 | 9.592E-11
600 | 440 | 7.326E-11
600 | 460 | 5.645E-11
600 | 480 | 4.391E-11
600 | 500 | 3.420E-11
600 | 520 | 2.691E-11
600 | 540 | 2.124E-11
600 | 560 | 1.679E-11
600 | 580 | 1.341E-11
600 | 600 | 1.069E-11
600 | 620 | 8.607E-12
600 | 640 | 6.918E-12
600 | 660 | 5.638E-12
600 | 680 | 4.575E-12
600 | 700 | 3.740E-12
600 | 720 | 3.061E-12
600 | 740 | 2.519E-12
600 | 760 | 2.072E-12
620 | 20 | 8.864E-05
620 | 40 | 2.778E-05
620 | 60 | 2.029E-05
620 | 80 | 1.506E-06
620 | 100 | 1.075E-07
620 | 120 | 4.089E-08
620 | 140 | 1.948E-08
620 | 160 | 1.049E-08
620 | 180 | 6.107E-09
620 | 200 | 3.776E-09
620 | 220 | 2.443E-09
620 | 240 | 1.626E-09
620 | 260 | 1.115E-09
620 | 280 | 7.788E-10
620 | 300 | 5.550E-10
620 | 320 | 4.012E-10
620 | 340 | 2.933E-10
620 | 360 | 2.167E-10
620 | 380 | 1.625E-10
620 | 400 | 1.229E-10
620 | 420 | 9.335E-11
620 | 440 | 7.152E-11
620 | 460 | 5.525E-11
620 | 480 | 4.290E-11
620 | 500 | 3.345E-11
620 | 520 | 2.634E-11
620 | 540 | 2.078E-11
620 | 560 | 1.649E-11
620 | 580 | 1.316E-11
620 | 600 | 1.056E-11
620 | 620 | 8.470E-12
620 | 640 | 6.864E-12
620 | 660 | 5.554E-12
620 | 680 | 4.532E-12
620 | 700 | 3.699E-12
620 | 720 | 3.021E-12
620 | 740 | 2.491E-12
620 | 760 | 2.056E-12
640 | 20 | 8.838E-05
640 | 40 | 2.800E-05
640 | 60 | 2.009E-05
640 | 80 | 1.385E-06
640 | 100 | 1.038E-07
640 | 120 | 3.972E-08
640 | 140 | 1.892E-08
640 | 160 | 1.015E-08
640 | 180 | 5.920E-09
640 | 200 | 3.656E-09
640 | 220 | 2.352E-09
640 | 240 | 1.570E-09
640 | 260 | 1.074E-09
640 | 280 | 7.526E-10
640 | 300 | 5.350E-10
640 | 320 | 3.887E-10
640 | 340 | 2.848E-10
640 | 360 | 2.110E-10
640 | 380 | 1.578E-10
640 | 400 | 1.194E-10
640 | 420 | 9.110E-11
640 | 440 | 6.975E-11
640 | 460 | 5.394E-11
640 | 480 | 4.206E-11
640 | 500 | 3.278E-11
640 | 520 | 2.588E-11
640 | 540 | 2.042E-11
640 | 560 | 1.624E-11
640 | 580 | 1.296E-11
640 | 600 | 1.036E-11
640 | 620 | 8.347E-12
640 | 640 | 6.757E-12
640 | 660 | 5.474E-12
640 | 680 | 4.464E-12
640 | 700 | 3.652E-12
640 | 720 | 2.995E-12
640 | 740 | 2.471E-12
640 | 760 | 2.033E-12
660 | 20 | 8.777E-05
660 | 40 | 2.806E-05
660 | 60 | 1.979E-05
660 | 80 | 1.275E-06
660 | 100 | 1.010E-07
660 | 120 | 3.880E-08
660 | 140 | 1.836E-08
660 | 160 | 9.854E-09
660 | 180 | 5.719E-09
660 | 200 | 3.538E-09
660 | 220 | 2.280E-09
660 | 240 | 1.514E-09
660 | 260 | 1.040E-09
660 | 280 | 7.289E-10
660 | 300 | 5.185E-10
660 | 320 | 3.752E-10
660 | 340 | 2.758E-10
660 | 360 | 2.046E-10
660 | 380 | 1.538E-10
660 | 400 | 1.161E-10
660 | 420 | 8.881E-11
660 | 440 | 6.794E-11
660 | 460 | 5.284E-11
660 | 480 | 4.102E-11
660 | 500 | 3.221E-11
660 | 520 | 2.530E-11
660 | 540 | 2.003E-11
660 | 560 | 1.595E-11
660 | 580 | 1.274E-11
660 | 600 | 1.021E-11
660 | 620 | 8.245E-12
660 | 640 | 6.663E-12
660 | 660 | 5.406E-12
660 | 680 | 4.414E-12
660 | 700 | 3.611E-12
660 | 720 | 2.957E-12
660 | 740 | 2.440E-12
660 | 760 | 2.018E-12
680 | 20 | 8.702E-05
680 | 40 | 2.820E-05
680 | 60 | 1.963E-05
680 | 80 | 1.175E-06
680 | 100 | 9.809E-08
680 | 120 | 3.786E-08
680 | 140 | 1.789E-08
680 | 160 | 9.610E-09
680 | 180 | 5.576E-09
680 | 200 | 3.425E-09
680 | 220 | 2.205E-09
680 | 240 | 1.472E-09
680 | 260 | 1.007E-09
680 | 280 | 7.050E-10
680 | 300 | 5.043E-10
680 | 320 | 3.643E-10
680 | 340 | 2.695E-10
680 | 360 | 1.987E-10
680 | 380 | 1.491E-10
680 | 400 | 1.137E-10
680 | 420 | 8.676E-11
680 | 440 | 6.652E-11
680 | 460 | 5.154E-11
680 | 480 | 4.016E-11
680 | 500 | 3.159E-11
680 | 520 | 2.488E-11
680 | 540 | 1.975E-11
680 | 560 | 1.565E-11
680 | 580 | 1.255E-11
680 | 600 | 1.007E-11
680 | 620 | 8.122E-12
680 | 640 | 6.593E-12
680 | 660 | 5.359E-12
680 | 680 | 4.361E-12
680 | 700 | 3.559E-12
680 | 720 | 2.934E-12
680 | 740 | 2.424E-12
680 | 760 | 1.997E-12
700 | 20 | 8.715E-05
700 | 40 | 2.816E-05
700 | 60 | 1.938E-05
700 | 80 | 1.080E-06
700 | 100 | 9.588E-08
700 | 120 | 3.692E-08
700 | 140 | 1.751E-08
700 | 160 | 9.371E-09
700 | 180 | 5.398E-09
700 | 200 | 3.323E-09
700 | 220 | 2.142E-09
700 | 240 | 1.430E-09
700 | 260 | 9.803E-10
700 | 280 | 6.862E-10
700 | 300 | 4.880E-10
700 | 320 | 3.547E-10
700 | 340 | 2.611E-10
700 | 360 | 1.942E-10
700 | 380 | 1.462E-10
700 | 400 | 1.109E-10
700 | 420 | 8.437E-11
700 | 440 | 6.512E-11
700 | 460 | 5.059E-11
700 | 480 | 3.939E-11
700 | 500 | 3.098E-11
700 | 520 | 2.442E-11
700 | 540 | 1.933E-11
700 | 560 | 1.540E-11
700 | 580 | 1.238E-11
700 | 600 | 9.959E-12
700 | 620 | 8.035E-12
700 | 640 | 6.513E-12
700 | 660 | 5.290E-12
700 | 680 | 4.320E-12
700 | 700 | 3.536E-12
700 | 720 | 2.916E-12
700 | 740 | 2.401E-12
700 | 760 | 1.982E-12
720 | 20 | 8.729E-05
720 | 40 | 2.835E-05
720 | 60 | 1.913E-05
720 | 80 | 1.007E-06
720 | 100 | 9.340E-08
720 | 120 | 3.618E-08
720 | 140 | 1.708E-08
720 | 160 | 9.119E-09
720 | 180 | 5.270E-09
720 | 200 | 3.236E-09
720 | 220 | 2.083E-09
720 | 240 | 1.383E-09
720 | 260 | 9.491E-10
720 | 280 | 6.657E-10
720 | 300 | 4.746E-10
720 | 320 | 3.459E-10
720 | 340 | 2.538E-10
720 | 360 | 1.893E-10
720 | 380 | 1.425E-10
720 | 400 | 1.080E-10
720 | 420 | 8.257E-11
720 | 440 | 6.378E-11
720 | 460 | 4.953E-11
720 | 480 | 3.878E-11
720 | 500 | 3.035E-11
720 | 520 | 2.406E-11
720 | 540 | 1.911E-11
720 | 560 | 1.524E-11
720 | 580 | 1.219E-11
720 | 600 | 9.806E-12
720 | 620 | 7.903E-12
720 | 640 | 6.420E-12
720 | 660 | 5.241E-12
720 | 680 | 4.299E-12
720 | 700 | 3.502E-12
720 | 720 | 2.889E-12
720 | 740 | 2.375E-12
720 | 760 | 1.967E-12
740 | 20 | 8.668E-05
740 | 40 | 2.855E-05
740 | 60 | 1.880E-05
740 | 80 | 9.051E-07
740 | 100 | 9.143E-08
740 | 120 | 3.528E-08
740 | 140 | 1.675E-08
740 | 160 | 8.895E-09
740 | 180 | 5.154E-09
740 | 200 | 3.161E-09
740 | 220 | 2.034E-09
740 | 240 | 1.348E-09
740 | 260 | 9.243E-10
740 | 280 | 6.491E-10
740 | 300 | 4.642E-10
740 | 320 | 3.357E-10
740 | 340 | 2.472E-10
740 | 360 | 1.848E-10
740 | 380 | 1.388E-10
740 | 400 | 1.055E-10
740 | 420 | 8.101E-11
740 | 440 | 6.251E-11
740 | 460 | 4.844E-11
740 | 480 | 3.797E-11
740 | 500 | 2.987E-11
740 | 520 | 2.362E-11
740 | 540 | 1.884E-11
740 | 560 | 1.499E-11
740 | 580 | 1.202E-11
740 | 600 | 9.737E-12
740 | 620 | 7.866E-12
740 | 640 | 6.356E-12
740 | 660 | 5.201E-12
740 | 680 | 4.251E-12
740 | 700 | 3.479E-12
740 | 720 | 2.865E-12
740 | 740 | 2.367E-12
740 | 760 | 1.961E-12
760 | 20 | 8.661E-05
760 | 40 | 2.853E-05
760 | 60 | 1.857E-05
760 | 80 | 8.618E-07
760 | 100 | 8.930E-08
760 | 120 | 3.466E-08
760 | 140 | 1.642E-08
760 | 160 | 8.725E-09
760 | 180 | 5.010E-09
760 | 200 | 3.087E-09
760 | 220 | 1.979E-09
760 | 240 | 1.315E-09
760 | 260 | 9.021E-10
760 | 280 | 6.299E-10
760 | 300 | 4.521E-10
760 | 320 | 3.288E-10
760 | 340 | 2.415E-10
760 | 360 | 1.805E-10
760 | 380 | 1.354E-10
760 | 400 | 1.032E-10
760 | 420 | 7.939E-11
760 | 440 | 6.129E-11
760 | 460 | 4.778E-11
760 | 480 | 3.732E-11
760 | 500 | 2.940E-11
760 | 520 | 2.322E-11
760 | 540 | 1.854E-11
760 | 560 | 1.478E-11
760 | 580 | 1.188E-11
760 | 600 | 9.580E-12
760 | 620 | 7.749E-12
760 | 640 | 6.308E-12
760 | 660 | 5.159E-12
760 | 680 | 4.215E-12
760 | 700 | 3.447E-12
760 | 720 | 2.841E-12
760 | 740 | 2.347E-12
760 | 760 | 1.942E-12
780 | 20 | 8.627E-05
780 | 40 | 2.865E-05
780 | 60 | 1.826E-05
780 | 80 | 7.788E-07
780 | 100 | 8.768E-08
780 | 120 | 3.407E-08
780 | 140 | 1.614E-08
780 | 160 | 8.548E-09
780 | 180 | 4.918E-09
780 | 200 | 3.015E-09
780 | 220 | 1.939E-09
780 | 240 | 1.287E-09
780 | 260 | 8.824E-10
780 | 280 | 6.182E-10
780 | 300 | 4.412E-10
780 | 320 | 3.226E-10
780 | 340 | 2.369E-10
780 | 360 | 1.769E-10
780 | 380 | 1.334E-10
780 | 400 | 1.016E-10
780 | 420 | 7.784E-11
780 | 440 | 6.024E-11
780 | 460 | 4.696E-11
780 | 480 | 3.674E-11
780 | 500 | 2.908E-11
780 | 520 | 2.292E-11
780 | 540 | 1.823E-11
780 | 560 | 1.458E-11
780 | 580 | 1.179E-11
780 | 600 | 9.494E-12
780 | 620 | 7.670E-12
780 | 640 | 6.256E-12
780 | 660 | 5.119E-12
780 | 680 | 4.181E-12
780 | 700 | 3.425E-12
780 | 720 | 2.815E-12
780 | 740 | 2.340E-12
780 | 760 | 1.936E-12
800 | 20 | 8.642E-05
800 | 40 | 2.867E-05
800 | 60 | 1.797E-05
800 | 80 | 7.161E-07
800 | 100 | 8.633E-08
800 | 120 | 3.355E-08
800 | 140 | 1.587E-08
800 | 160 | 8.416E-09
800 | 180 | 4.838E-09
800 | 200 | 2.950E-09
800 | 220 | 1.893E-09
800 | 240 | 1.262E-09
800 | 260 | 8.609E-10
800 | 280 | 6.059E-10
800 | 300 | 4.314E-10
800 | 320 | 3.142E-10
800 | 340 | 2.323E-10
800 | 360 | 1.732E-10
800 | 380 | 1.307E-10
800 | 400 | 9.970E-11
800 | 420 | 7.696E-11
800 | 440 | 5.900E-11
800 | 460 | 4.598E-11
800 | 480 | 3.619E-11
800 | 500 | 2.855E-11
800 | 520 | 2.269E-11
800 | 540 | 1.802E-11
800 | 560 | 1.442E-11
800 | 580 | 1.164E-11
800 | 600 | 9.383E-12
800 | 620 | 7.639E-12
800 | 640 | 6.189E-12
800 | 660 | 5.054E-12
800 | 680 | 4.148E-12
800 | 700 | 3.409E-12
800 | 720 | 2.804E-12
800 | 740 | 2.327E-12
800 | 760 | 1.921E-12
820 | 20 | 8.615E-05
820 | 40 | 2.866E-05
820 | 60 | 1.766E-05
820 | 80 | 6.571E-07
820 | 100 | 8.470E-08
820 | 120 | 3.300E-08
820 | 140 | 1.560E-08
820 | 160 | 8.249E-09
820 | 180 | 4.740E-09
820 | 200 | 2.903E-09
820 | 220 | 1.852E-09
820 | 240 | 1.232E-09
820 | 260 | 8.447E-10
820 | 280 | 5.922E-10
820 | 300 | 4.244E-10
820 | 320 | 3.083E-10
820 | 340 | 2.276E-10
820 | 360 | 1.701E-10
820 | 380 | 1.280E-10
820 | 400 | 9.790E-11
820 | 420 | 7.522E-11
820 | 440 | 5.819E-11
820 | 460 | 4.545E-11
820 | 480 | 3.571E-11
820 | 500 | 2.826E-11
820 | 520 | 2.235E-11
820 | 540 | 1.786E-11
820 | 560 | 1.433E-11
820 | 580 | 1.152E-11
820 | 600 | 9.295E-12
820 | 620 | 7.524E-12
820 | 640 | 6.128E-12
820 | 660 | 5.035E-12
820 | 680 | 4.118E-12
820 | 700 | 3.383E-12
820 | 720 | 2.794E-12
820 | 740 | 2.316E-12
820 | 760 | 1.914E-12
840 | 20 | 8.626E-05
840 | 40 | 2.885E-05
840 | 60 | 1.738E-05
840 | 80 | 5.998E-07
840 | 100 | 8.343E-08
840 | 120 | 3.261E-08
840 | 140 | 1.534E-08
840 | 160 | 8.120E-09
840 | 180 | 4.659E-09
840 | 200 | 2.852E-09
840 | 220 | 1.821E-09
840 | 240 | 1.209E-09
840 | 260 | 8.292E-10
840 | 280 | 5.803E-10
840 | 300 | 4.149E-10
840 | 320 | 3.021E-10
840 | 340 | 2.231E-10
840 | 360 | 1.673E-10
840 | 380 | 1.258E-10
840 | 400 | 9.604E-11
840 | 420 | 7.400E-11
840 | 440 | 5.731E-11
840 | 460 | 4.488E-11
840 | 480 | 3.514E-11
840 | 500 | 2.777E-11
840 | 520 | 2.209E-11
840 | 540 | 1.764E-11
840 | 560 | 1.419E-11
840 | 580 | 1.139E-11
840 | 600 | 9.252E-12
840 | 620 | 7.503E-12
840 | 640 | 6.088E-12
840 | 660 | 4.985E-12
840 | 680 | 4.097E-12
840 | 700 | 3.370E-12
840 | 720 | 2.773E-12
840 | 740 | 2.295E-12
840 | 760 | 1.907E-12
860 | 20 | 8.605E-05
860 | 40 | 2.888E-05
860 | 60 | 1.709E-05
860 | 80 | 5.250E-07
860 | 100 | 8.180E-08
860 | 120 | 3.212E-08
860 | 140 | 1.509E-08
860 | 160 | 7.985E-09
860 | 180 | 4.594E-09
860 | 200 | 2.799E-09
860 | 220 | 1.790E-09
860 | 240 | 1.191E-09
860 | 260 | 8.141E-10
860 | 280 | 5.699E-10
860 | 300 | 4.078E-10
860 | 320 | 2.981E-10
860 | 340 | 2.197E-10
860 | 360 | 1.643E-10
860 | 380 | 1.241E-10
860 | 400 | 9.467E-11
860 | 420 | 7.291E-11
860 | 440 | 5.645E-11
860 | 460 | 4.434E-11
860 | 480 | 3.483E-11
860 | 500 | 2.757E-11
860 | 520 | 2.185E-11
860 | 540 | 1.745E-11
860 | 560 | 1.403E-11
860 | 580 | 1.130E-11
860 | 600 | 9.153E-12
860 | 620 | 7.438E-12
860 | 640 | 6.055E-12
860 | 660 | 4.942E-12
860 | 680 | 4.078E-12
860 | 700 | 3.352E-12
860 | 720 | 2.759E-12
860 | 740 | 2.294E-12
860 | 760 | 1.902E-12
880 | 20 | 8.613E-05
880 | 40 | 2.893E-05
880 | 60 | 1.675E-05
880 | 80 | 4.764E-07
880 | 100 | 8.082E-08
880 | 120 | 3.172E-08
880 | 140 | 1.493E-08
880 | 160 | 7.892E-09
880 | 180 | 4.518E-09
880 | 200 | 2.757E-09
880 | 220 | 1.759E-09
880 | 240 | 1.168E-09
880 | 260 | 8.014E-10
880 | 280 | 5.611E-10
880 | 300 | 4.006E-10
880 | 320 | 2.914E-10
880 | 340 | 2.157E-10
880 | 360 | 1.619E-10
880 | 380 | 1.224E-10
880 | 400 | 9.323E-11
880 | 420 | 7.203E-11
880 | 440 | 5.594E-11
880 | 460 | 4.352E-11
880 | 480 | 3.434E-11
880 | 500 | 2.721E-11
880 | 520 | 2.169E-11
880 | 540 | 1.732E-11
880 | 560 | 1.392E-11
880 | 580 | 1.122E-11
880 | 600 | 9.095E-12
880 | 620 | 7.389E-12
880 | 640 | 6.010E-12
880 | 660 | 4.931E-12
880 | 680 | 4.053E-12
880 | 700 | 3.341E-12
880 | 720 | 2.759E-12
880 | 740 | 2.282E-12
880 | 760 | 1.886E-12
900 | 20 | 8.612E-05
900 | 40 | 2.893E-05
900 | 60 | 1.647E-05
900 | 80 | 4.347E-07
900 | 100 | 7.980E-08
900 | 120 | 3.129E-08
900 | 140 | 1.477E-08
900 | 160 | 7.801E-09
900 | 180 | 4.477E-09
900 | 200 | 2.718E-09
900 | 220 | 1.738E-09
900 | 240 | 1.153E-09
900 | 260 | 7.878E-10
900 | 280 | 5.526E-10
900 | 300 | 3.962E-10
900 | 320 | 2.884E-10
900 | 340 | 2.131E-10
900 | 360 | 1.594E-10
900 | 380 | 1.202E-10
900 | 400 | 9.199E-11
900 | 420 | 7.119E-11
900 | 440 | 5.527E-11
900 | 460 | 4.311E-11
900 | 480 | 3.398E-11
900 | 500 | 2.693E-11
900 | 520 | 2.147E-11
900 | 540 | 1.715E-11
900 | 560 | 1.380E-11
900 | 580 | 1.112E-11
900 | 600 | 9.014E-12
900 | 620 | 7.331E-12
900 | 640 | 5.972E-12
900 | 660 | 4.893E-12
900 | 680 | 4.023E-12
900 | 700 | 3.326E-12
900 | 720 | 2.738E-12
900 | 740 | 2.270E-12
900 | 760 | 1.889E-12
920 | 20 | 8.603E-05
920 | 40 | 2.899E-05
920 | 60 | 1.614E-05
920 | 80 | 3.979E-07
920 | 100 | 7.907E-08
920 | 120 | 3.088E-08
920 | 140 | 1.455E-08
920 | 160 | 7.683E-09
920 | 180 | 4.395E-09
920 | 200 | 2.676E-09
920 | 220 | 1.710E-09
920 | 240 | 1.140E-09
920 | 260 | 7.780E-10
920 | 280 | 5.440E-10
920 | 300 | 3.899E-10
920 | 320 | 2.843E-10
920 | 340 | 2.105E-10
920 | 360 | 1.568E-10
920 | 380 | 1.192E-10
920 | 400 | 9.112E-11
920 | 420 | 7.023E-11
920 | 440 | 5.470E-11
920 | 460 | 4.267E-11
920 | 480 | 3.361E-11
920 | 500 | 2.671E-11
920 | 520 | 2.125E-11
920 | 540 | 1.703E-11
920 | 560 | 1.368E-11
920 | 580 | 1.106E-11
920 | 600 | 8.966E-12
920 | 620 | 7.296E-12
920 | 640 | 5.957E-12
920 | 660 | 4.884E-12
920 | 680 | 4.013E-12
920 | 700 | 3.303E-12
920 | 720 | 2.735E-12
920 | 740 | 2.268E-12
920 | 760 | 1.882E-12
940 | 20 | 8.566E-05
940 | 40 | 2.901E-05
940 | 60 | 1.582E-05
940 | 80 | 3.679E-07
940 | 100 | 7.781E-08
940 | 120 | 3.056E-08
940 | 140 | 1.441E-08
940 | 160 | 7.627E-09
940 | 180 | 4.348E-09
940 | 200 | 2.653E-09
940 | 220 | 1.693E-09
940 | 240 | 1.121E-09
940 | 260 | 7.657E-10
940 | 280 | 5.376E-10
940 | 300 | 3.849E-10
940 | 320 | 2.809E-10
940 | 340 | 2.077E-10
940 | 360 | 1.552E-10
940 | 380 | 1.180E-10
940 | 400 | 8.991E-11
940 | 420 | 6.954E-11
940 | 440 | 5.414E-11
940 | 460 | 4.244E-11
940 | 480 | 3.329E-11
940 | 500 | 2.638E-11
940 | 520 | 2.105E-11
940 | 540 | 1.693E-11
940 | 560 | 1.359E-11
940 | 580 | 1.099E-11
940 | 600 | 8.916E-12
940 | 620 | 7.275E-12
940 | 640 | 5.923E-12
940 | 660 | 4.873E-12
940 | 680 | 4.011E-12
940 | 700 | 3.303E-12
940 | 720 | 2.731E-12
940 | 740 | 2.256E-12
940 | 760 | 1.878E-12
960 | 20 | 8.623E-05
960 | 40 | 2.911E-05
960 | 60 | 1.559E-05
960 | 80 | 3.465E-07
960 | 100 | 7.702E-08
960 | 120 | 3.023E-08
960 | 140 | 1.429E-08
960 | 160 | 7.515E-09
960 | 180 | 4.301E-09
960 | 200 | 2.616E-09
960 | 220 | 1.674E-09
960 | 240 | 1.108E-09
960 | 260 | 7.559E-10
960 | 280 | 5.319E-10
960 | 300 | 3.801E-10
960 | 320 | 2.777E-10
960 | 340 | 2.048E-10
960 | 360 | 1.536E-10
960 | 380 | 1.165E-10
960 | 400 | 8.931E-11
960 | 420 | 6.885E-11
960 | 440 | 5.334E-11
960 | 460 | 4.181E-11
960 | 480 | 3.303E-11
960 | 500 | 2.620E-11
960 | 520 | 2.088E-11
960 | 540 | 1.682E-11
960 | 560 | 1.350E-11
960 | 580 | 1.092E-11
960 | 600 | 8.891E-12
960 | 620 | 7.243E-12
960 | 640 | 5.914E-12
960 | 660 | 4.855E-12
960 | 680 | 3.986E-12
960 | 700 | 3.294E-12
960 | 720 | 2.719E-12
960 | 740 | 2.254E-12
960 | 760 | 1.875E-12
980 | 20 | 8.611E-05
980 | 40 | 2.899E-05
980 | 60 | 1.526E-05
980 | 80 | 3.292E-07
980 | 100 | 7.629E-08
980 | 120 | 3.006E-08
980 | 140 | 1.416E-08
980 | 160 | 7.441E-09
980 | 180 | 4.255E-09
980 | 200 | 2.579E-09
980 | 220 | 1.655E-09
980 | 240 | 1.099E-09
980 | 260 | 7.481E-10
980 | 280 | 5.254E-10
980 | 300 | 3.763E-10
980 | 320 | 2.747E-10
980 | 340 | 2.027E-10
980 | 360 | 1.521E-10
980 | 380 | 1.153E-10
980 | 400 | 8.836E-11
980 | 420 | 6.844E-11
980 | 440 | 5.321E-11
980 | 460 | 4.147E-11
980 | 480 | 3.287E-11
980 | 500 | 2.610E-11
980 | 520 | 2.081E-11
980 | 540 | 1.668E-11
980 | 560 | 1.340E-11
980 | 580 | 1.090E-11
980 | 600 | 8.826E-12
980 | 620 | 7.186E-12
980 | 640 | 5.887E-12
980 | 660 | 4.830E-12
980 | 680 | 3.983E-12
980 | 700 | 3.279E-12
980 | 720 | 2.713E-12
980 | 740 | 2.256E-12
980 | 760 | 1.870E-12
1000 | 20 | 8.662E-05
1000 | 40 | 2.915E-05
1000 | 60 | 1.496E-05
1000 | 80 | 3.152E-07
1000 | 100 | 7.533E-08
1000 | 120 | 2.987E-08
1000 | 140 | 1.403E-08
1000 | 160 | 7.373E-09
1000 | 180 | 4.215E-09
1000 | 200 | 2.563E-09
1000 | 220 | 1.636E-09
1000 | 240 | 1.086E-09
1000 | 260 | 7.434E-10
1000 | 280 | 5.193E-10
1000 | 300 | 3.708E-10
1000 | 320 | 2.711E-10
1000 | 340 | 2.008E-10
1000 | 360 | 1.507E-10
1000 | 380 | 1.141E-10
1000 | 400 | 8.737E-11
1000 | 420 | 6.761E-11
1000 | 440 | 5.271E-11
1000 | 460 | 4.125E-11
1000 | 480 | 3.258E-11
1000 | 500 | 2.590E-11
1000 | 520 | 2.058E-11
1000 | 540 | 1.656E-11
1000 | 560 | 1.333E-11
1000 | 580 | 1.082E-11
1000 | 600 | 8.793E-12
1000 | 620 | 7.166E-12
1000 | 640 | 5.857E-12
1000 | 660 | 4.809E-12
1000 | 680 | 3.971E-12
1000 | 700 | 3.282E-12
1000 | 720 | 2.703E-12
1000 | 740 | 2.248E-12
1000 | 760 | 1.868E-12
1020 | 20 | 8.747E-05
1020 | 40 | 2.908E-05
1020 | 60 | 1.461E-05
1020 | 80 | 3.031E-07
1020 | 100 | 7.468E-08
1020 | 120 | 2.962E-08
1020 | 140 | 1.387E-08
1020 | 160 | 7.333E-09
1020 | 180 | 4.183E-09
1020 | 200 | 2.538E-09
1020 | 220 | 1.619E-09
1020 | 240 | 1.069E-09
1020 | 260 | 7.343E-10
1020 | 280 | 5.153E-10
1020 | 300 | 3.693E-10
1020 | 320 | 2.691E-10
1020 | 340 | 1.990E-10
1020 | 360 | 1.493E-10
1020 | 380 | 1.134E-10
1020 | 400 | 8.657E-11
1020 | 420 | 6.721E-11
1020 | 440 | 5.232E-11
1020 | 460 | 4.095E-11
1020 | 480 | 3.236E-11
1020 | 500 | 2.564E-11
1020 | 520 | 2.068E-11
1020 | 540 | 1.657E-11
1020 | 560 | 1.331E-11
1020 | 580 | 1.076E-11
1020 | 600 | 8.774E-12
1020 | 620 | 7.125E-12
1020 | 640 | 5.844E-12
1020 | 660 | 4.801E-12
1020 | 680 | 3.959E-12
1020 | 700 | 3.266E-12
1020 | 720 | 2.701E-12
1020 | 740 | 2.246E-12
1020 | 760 | 1.869E-12
1040 | 20 | 8.869E-05
1040 | 40 | 2.910E-05
1040 | 60 | 1.435E-05
1040 | 80 | 2.947E-07
1040 | 100 | 7.426E-08
1040 | 120 | 2.932E-08
1040 | 140 | 1.377E-08
1040 | 160 | 7.255E-09
1040 | 180 | 4.139E-09
1040 | 200 | 2.511E-09
1040 | 220 | 1.605E-09
1040 | 240 | 1.061E-09
1040 | 260 | 7.255E-10
1040 | 280 | 5.112E-10
1040 | 300 | 3.667E-10
1040 | 320 | 2.661E-10
1040 | 340 | 1.983E-10
1040 | 360 | 1.483E-10
1040 | 380 | 1.121E-10
1040 | 400 | 8.616E-11
1040 | 420 | 6.666E-11
1040 | 440 | 5.188E-11
1040 | 460 | 4.075E-11
1040 | 480 | 3.226E-11
1040 | 500 | 2.566E-11
1040 | 520 | 2.046E-11
1040 | 540 | 1.639E-11
1040 | 560 | 1.324E-11
1040 | 580 | 1.077E-11
1040 | 600 | 8.718E-12
1040 | 620 | 7.132E-12
1040 | 640 | 5.842E-12
1040 | 660 | 4.799E-12
1040 | 680 | 3.956E-12
1040 | 700 | 3.264E-12
1040 | 720 | 2.701E-12
1040 | 740 | 2.245E-12
1040 | 760 | 1.863E-12
1060 | 40 | 2.895E-05
1060 | 60 | 1.402E-05
1060 | 80 | 2.874E-07
1060 | 100 | 7.349E-08
1060 | 120 | 2.898E-08
1060 | 140 | 1.372E-08
1060 | 160 | 7.188E-09
1060 | 180 | 4.093E-09
1060 | 200 | 2.496E-09
1060 | 220 | 1.587E-09
1060 | 240 | 1.055E-09
1060 | 260 | 7.179E-10
1060 | 280 | 5.068E-10
1060 | 300 | 3.636E-10
1060 | 320 | 2.643E-10
1060 | 340 | 1.964E-10
1060 | 360 | 1.470E-10
1060 | 380 | 1.116E-10
1060 | 400 | 8.583E-11
1060 | 420 | 6.621E-11
1060 | 440 | 5.170E-11
1060 | 460 | 4.056E-11
1060 | 480 | 3.209E-11
1060 | 500 | 2.547E-11
1060 | 520 | 2.034E-11
1060 | 540 | 1.640E-11
1060 | 560 | 1.322E-11
1060 | 580 | 1.070E-11
1060 | 600 | 8.704E-12
1060 | 620 | 7.103E-12
1060 | 640 | 5.797E-12
1060 | 660 | 4.789E-12
1060 | 680 | 3.956E-12
1060 | 700 | 3.263E-12
1060 | 720 | 2.699E-12
1060 | 740 | 2.249E-12
1060 | 760 | 1.872E-12
1080 | 40 | 2.914E-05
1080 | 60 | 1.374E-05
1080 | 80 | 2.849E-07
1080 | 100 | 7.293E-08
1080 | 120 | 2.884E-08
1080 | 140 | 1.358E-08
1080 | 160 | 7.117E-09
1080 | 180 | 4.077E-09
1080 | 200 | 2.473E-09
1080 | 220 | 1.578E-09
1080 | 240 | 1.046E-09
1080 | 260 | 7.151E-10
1080 | 280 | 5.013E-10
1080 | 300 | 3.595E-10
1080 | 320 | 2.621E-10
1080 | 340 | 1.942E-10
1080 | 360 | 1.458E-10
1080 | 380 | 1.110E-10
1080 | 400 | 8.510E-11
1080 | 420 | 6.571E-11
1080 | 440 | 5.146E-11
1080 | 460 | 4.048E-11
1080 | 480 | 3.199E-11
1080 | 500 | 2.535E-11
1080 | 520 | 2.024E-11
1080 | 540 | 1.631E-11
1080 | 560 | 1.314E-11
1080 | 580 | 1.066E-11
1080 | 600 | 8.697E-12
1080 | 620 | 7.069E-12
1080 | 640 | 5.810E-12
1080 | 660 | 4.781E-12
1080 | 680 | 3.941E-12
1080 | 700 | 3.257E-12
1080 | 720 | 2.705E-12
1080 | 740 | 2.244E-12
1080 | 760 | 1.872E-12
1100 | 40 | 2.913E-05
1100 | 60 | 1.351E-05
1100 | 80 | 2.793E-07
1100 | 100 | 7.221E-08
1100 | 120 | 2.859E-08
1100 | 140 | 1.352E-08
1100 | 160 | 7.081E-09
1100 | 180 | 4.048E-09
1100 | 200 | 2.452E-09
1100 | 220 | 1.563E-09
1100 | 240 | 1.034E-09
1100 | 260 | 7.100E-10
1100 | 280 | 5.002E-10
1100 | 300 | 3.565E-10
1100 | 320 | 2.606E-10
1100 | 340 | 1.939E-10
1100 | 360 | 1.451E-10
1100 | 380 | 1.103E-10
1100 | 400 | 8.464E-11
1100 | 420 | 6.541E-11
1100 | 440 | 5.112E-11
1100 | 460 | 4.022E-11
1100 | 480 | 3.186E-11
1100 | 500 | 2.530E-11
1100 | 520 | 2.024E-11
1100 | 540 | 1.620E-11
1100 | 560 | 1.316E-11
1100 | 580 | 1.064E-11
1100 | 600 | 8.691E-12
1100 | 620 | 7.088E-12
1100 | 640 | 5.814E-12
1100 | 660 | 4.773E-12
1100 | 680 | 3.937E-12
1100 | 700 | 3.256E-12
1100 | 720 | 2.699E-12
1100 | 740 | 2.247E-12
1100 | 760 | 1.875E-12
1120 | 40 | 2.906E-05
1120 | 60 | 1.324E-05
1120 | 80 | 2.740E-07
1120 | 100 | 7.178E-08
1120 | 120 | 2.849E-08
1120 | 140 | 1.336E-08
1120 | 160 | 7.034E-09
1120 | 180 | 4.011E-09
1120 | 200 | 2.440E-09
1120 | 220 | 1.557E-09
1120 | 240 | 1.029E-09
1120 | 260 | 7.064E-10
1120 | 280 | 4.965E-10
1120 | 300 | 3.550E-10
1120 | 320 | 2.593E-10
1120 | 340 | 1.921E-10
1120 | 360 | 1.443E-10
1120 | 380 | 1.095E-10
1120 | 400 | 8.411E-11
1120 | 420 | 6.518E-11
1120 | 440 | 5.082E-11
1120 | 460 | 3.996E-11
1120 | 480 | 3.171E-11
1120 | 500 | 2.515E-11
1120 | 520 | 2.016E-11
1120 | 540 | 1.624E-11
1120 | 560 | 1.306E-11
1120 | 580 | 1.064E-11
1120 | 600 | 8.646E-12
1120 | 620 | 7.065E-12
1120 | 640 | 5.798E-12
1120 | 660 | 4.749E-12
1120 | 680 | 3.917E-12
1120 | 700 | 3.260E-12
1120 | 720 | 2.704E-12
1120 | 740 | 2.248E-12
1120 | 760 | 1.870E-12
1140 | 40 | 2.905E-05
1140 | 60 | 1.296E-05
1140 | 80 | 2.691E-07
1140 | 100 | 7.142E-08
1140 | 120 | 2.831E-08
1140 | 140 | 1.331E-08
1140 | 160 | 7.002E-09
1140 | 180 | 3.995E-09
1140 | 200 | 2.427E-09
1140 | 220 | 1.550E-09
1140 | 240 | 1.024E-09
1140 | 260 | 7.017E-10
1140 | 280 | 4.928E-10
1140 | 300 | 3.537E-10
1140 | 320 | 2.585E-10
1140 | 340 | 1.918E-10
1140 | 360 | 1.443E-10
1140 | 380 | 1.094E-10
1140 | 400 | 8.391E-11
1140 | 420 | 6.492E-11
1140 | 440 | 5.082E-11
1140 | 460 | 3.987E-11
1140 | 480 | 3.163E-11
1140 | 500 | 2.517E-11
1140 | 520 | 2.011E-11
1140 | 540 | 1.616E-11
1140 | 560 | 1.307E-11
1140 | 580 | 1.062E-11
1140 | 600 | 8.647E-12
1140 | 620 | 7.067E-12
1140 | 640 | 5.799E-12
1140 | 660 | 4.768E-12
1140 | 680 | 3.936E-12
1140 | 700 | 3.253E-12
1140 | 720 | 2.703E-12
1140 | 740 | 2.254E-12
1140 | 760 | 1.866E-12
1160 | 40 | 2.902E-05
1160 | 60 | 1.274E-05
1160 | 80 | 2.656E-07
1160 | 100 | 7.069E-08
1160 | 120 | 2.808E-08
1160 | 140 | 1.323E-08
1160 | 160 | 6.967E-09
1160 | 180 | 3.967E-09
1160 | 200 | 2.402E-09
1160 | 220 | 1.531E-09
1160 | 240 | 1.019E-09
1160 | 260 | 6.953E-10
1160 | 280 | 4.894E-10
1160 | 300 | 3.512E-10
1160 | 320 | 2.563E-10
1160 | 340 | 1.903E-10
1160 | 360 | 1.433E-10
1160 | 380 | 1.088E-10
1160 | 400 | 8.350E-11
1160 | 420 | 6.476E-11
1160 | 440 | 5.052E-11
1160 | 460 | 3.977E-11
1160 | 480 | 3.160E-11
1160 | 500 | 2.508E-11
1160 | 520 | 2.010E-11
1160 | 540 | 1.615E-11
1160 | 560 | 1.306E-11
1160 | 580 | 1.062E-11
1160 | 600 | 8.649E-12
1160 | 620 | 7.053E-12
1160 | 640 | 5.795E-12
1160 | 660 | 4.759E-12
1160 | 680 | 3.926E-12
1160 | 700 | 3.259E-12
1160 | 720 | 2.699E-12
1160 | 740 | 2.244E-12
1160 | 760 | 1.872E-12
1180 | 40 | 2.890E-05
1180 | 60 | 1.249E-05
1180 | 80 | 2.620E-07
1180 | 100 | 7.044E-08
1180 | 120 | 2.790E-08
1180 | 140 | 1.316E-08
1180 | 160 | 6.891E-09
1180 | 180 | 3.949E-09
1180 | 200 | 2.405E-09
1180 | 220 | 1.520E-09
1180 | 240 | 1.011E-09
1180 | 260 | 6.939E-10
1180 | 280 | 4.879E-10
1180 | 300 | 3.491E-10
1180 | 320 | 2.559E-10
1180 | 340 | 1.894E-10
1180 | 360 | 1.425E-10
1180 | 380 | 1.080E-10
1180 | 400 | 8.324E-11
1180 | 420 | 6.437E-11
1180 | 440 | 5.028E-11
1180 | 460 | 3.968E-11
1180 | 480 | 3.142E-11
1180 | 500 | 2.507E-11
1180 | 520 | 2.007E-11
1180 | 540 | 1.612E-11
1180 | 560 | 1.305E-11
1180 | 580 | 1.062E-11
1180 | 600 | 8.616E-12
1180 | 620 | 7.075E-12
1180 | 640 | 5.785E-12
1180 | 660 | 4.754E-12
1180 | 680 | 3.937E-12
1180 | 700 | 3.258E-12
1180 | 720 | 2.699E-12
1180 | 740 | 2.249E-12
1180 | 760 | 1.869E-12
1200 | 40 | 2.902E-05
1200 | 60 | 1.225E-05
1200 | 80 | 2.583E-07
1200 | 100 | 7.022E-08
1200 | 120 | 2.776E-08
1200 | 140 | 1.310E-08
1200 | 160 | 6.865E-09
1200 | 180 | 3.922E-09
1200 | 200 | 2.384E-09
1200 | 220 | 1.526E-09
1200 | 240 | 1.004E-09
1200 | 260 | 6.904E-10
1200 | 280 | 4.837E-10
1200 | 300 | 3.480E-10
1200 | 320 | 2.545E-10
1200 | 340 | 1.893E-10
1200 | 360 | 1.417E-10
1200 | 380 | 1.083E-10
1200 | 400 | 8.306E-11
1200 | 420 | 6.434E-11
1200 | 440 | 5.016E-11
1200 | 460 | 3.959E-11
1200 | 480 | 3.142E-11
1200 | 500 | 2.502E-11
1200 | 520 | 2.004E-11
1200 | 540 | 1.612E-11
1200 | 560 | 1.304E-11
1200 | 580 | 1.058E-11
1200 | 600 | 8.637E-12
1200 | 620 | 7.057E-12
1200 | 640 | 5.784E-12
1200 | 660 | 4.772E-12
1200 | 680 | 3.936E-12
1200 | 700 | 3.266E-12
1200 | 720 | 2.703E-12
1200 | 740 | 2.255E-12
1200 | 760 | 1.874E-12
1220 | 40 | 2.887E-05
1220 | 60 | 1.206E-05
1220 | 80 | 2.557E-07
1220 | 100 | 6.976E-08
1220 | 120 | 2.771E-08
1220 | 140 | 1.301E-08
1220 | 160 | 6.863E-09
1220 | 180 | 3.895E-09
1220 | 200 | 2.372E-09
1220 | 220 | 1.512E-09
1220 | 240 | 1.003E-09
1220 | 260 | 6.855E-10
1220 | 280 | 4.820E-10
1220 | 300 | 3.458E-10
1220 | 320 | 2.532E-10
1220 | 340 | 1.871E-10
1220 | 360 | 1.411E-10
1220 | 380 | 1.074E-10
1220 | 400 | 8.288E-11
1220 | 420 | 6.404E-11
1220 | 440 | 5.001E-11
1220 | 460 | 3.942E-11
1220 | 480 | 3.136E-11
1220 | 500 | 2.498E-11
1220 | 520 | 1.996E-11
1220 | 540 | 1.609E-11
1220 | 560 | 1.306E-11
1220 | 580 | 1.057E-11
1220 | 600 | 8.623E-12
1220 | 620 | 7.064E-12
1220 | 640 | 5.814E-12
1220 | 660 | 4.791E-12
1220 | 680 | 3.927E-12
1220 | 700 | 3.261E-12
1220 | 720 | 2.707E-12
1220 | 740 | 2.244E-12
1220 | 760 | 1.876E-12
1240 | 40 | 2.882E-05
1240 | 60 | 1.184E-05
1240 | 80 | 2.529E-07
1240 | 100 | 6.933E-08
1240 | 120 | 2.755E-08
1240 | 140 | 1.297E-08
1240 | 160 | 6.810E-09
1240 | 180 | 3.878E-09
1240 | 200 | 2.359E-09
1240 | 220 | 1.503E-09
1240 | 240 | 9.973E-10
1240 | 260 | 6.825E-10
1240 | 280 | 4.815E-10
1240 | 300 | 3.452E-10
1240 | 320 | 2.516E-10
1240 | 340 | 1.876E-10
1240 | 360 | 1.408E-10
1240 | 380 | 1.071E-10
1240 | 400 | 8.273E-11
1240 | 420 | 6.387E-11
1240 | 440 | 5.010E-11
1240 | 460 | 3.952E-11
1240 | 480 | 3.124E-11
1240 | 500 | 2.504E-11
1240 | 520 | 2.000E-11
1240 | 540 | 1.603E-11
1240 | 560 | 1.305E-11
1240 | 580 | 1.056E-11
1240 | 600 | 8.620E-12
1240 | 620 | 7.051E-12
1240 | 640 | 5.817E-12
1240 | 660 | 4.766E-12
1240 | 680 | 3.945E-12
1240 | 700 | 3.278E-12
1240 | 720 | 2.710E-12
1240 | 740 | 2.255E-12
1240 | 760 | 1.876E-12
1260 | 40 | 2.886E-05
1260 | 60 | 1.165E-05
1260 | 80 | 2.499E-07
1260 | 100 | 6.907E-08
1260 | 120 | 2.741E-08
1260 | 140 | 1.292E-08
1260 | 160 | 6.764E-09
1260 | 180 | 3.870E-09
1260 | 200 | 2.346E-09
1260 | 220 | 1.500E-09
1260 | 240 | 9.932E-10
1260 | 260 | 6.834E-10
1260 | 280 | 4.783E-10
1260 | 300 | 3.441E-10
1260 | 320 | 2.507E-10
1260 | 340 | 1.866E-10
1260 | 360 | 1.408E-10
1260 | 380 | 1.070E-10
1260 | 400 | 8.240E-11
1260 | 420 | 6.394E-11
1260 | 440 | 5.010E-11
1260 | 460 | 3.949E-11
1260 | 480 | 3.126E-11
1260 | 500 | 2.488E-11
1260 | 520 | 2.001E-11
1260 | 540 | 1.611E-11
1260 | 560 | 1.304E-11
1260 | 580 | 1.057E-11
1260 | 600 | 8.607E-12
1260 | 620 | 7.064E-12
1260 | 640 | 5.800E-12
1260 | 660 | 4.773E-12
1260 | 680 | 3.936E-12
1260 | 700 | 3.271E-12
1260 | 720 | 2.713E-12
1260 | 740 | 2.255E-12
1260 | 760 | 1.882E-12
1280 | 40 | 2.892E-05
1280 | 60 | 1.150E-05
1280 | 80 | 2.478E-07
1280 | 100 | 6.871E-08
1280 | 120 | 2.728E-08
1280 | 140 | 1.282E-08
1280 | 160 | 6.763E-09
1280 | 180 | 3.858E-09
1280 | 200 | 2.342E-09
1280 | 220 | 1.495E-09
1280 | 240 | 9.909E-10
1280 | 260 | 6.773E-10
1280 | 280 | 4.761E-10
1280 | 300 | 3.425E-10
1280 | 320 | 2.509E-10
1280 | 340 | 1.864E-10
1280 | 360 | 1.406E-10
1280 | 380 | 1.070E-10
1280 | 400 | 8.226E-11
1280 | 420 | 6.391E-11
1280 | 440 | 4.992E-11
1280 | 460 | 3.944E-11
1280 | 480 | 3.128E-11
1280 | 500 | 2.489E-11
1280 | 520 | 1.997E-11
1280 | 540 | 1.607E-11
1280 | 560 | 1.306E-11
1280 | 580 | 1.058E-11
1280 | 600 | 8.624E-12
1280 | 620 | 7.091E-12
1280 | 640 | 5.792E-12
1280 | 660 | 4.774E-12
1280 | 680 | 3.967E-12
1280 | 700 | 3.265E-12
1280 | 720 | 2.719E-12
1280 | 740 | 2.271E-12
1280 | 760 | 1.892E-12
1300 | 40 | 2.890E-05
1300 | 60 | 1.132E-05
1300 | 80 | 2.456E-07
1300 | 100 | 6.818E-08
1300 | 120 | 2.716E-08
1300 | 140 | 1.280E-08
1300 | 160 | 6.719E-09
1300 | 180 | 3.832E-09
1300 | 200 | 2.326E-09
1300 | 220 | 1.489E-09
1300 | 240 | 9.867E-10
1300 | 260 | 6.754E-10
1300 | 280 | 4.770E-10
1300 | 300 | 3.401E-10
1300 | 320 | 2.506E-10
1300 | 340 | 1.857E-10
1300 | 360 | 1.402E-10
1300 | 380 | 1.066E-10
1300 | 400 | 8.232E-11
1300 | 420 | 6.376E-11
1300 | 440 | 4.984E-11
1300 | 460 | 3.941E-11
1300 | 480 | 3.123E-11
1300 | 500 | 2.492E-11
1300 | 520 | 1.995E-11
1300 | 540 | 1.609E-11
1300 | 560 | 1.305E-11
1300 | 580 | 1.062E-11
1300 | 600 | 8.643E-12
1300 | 620 | 7.075E-12
1300 | 640 | 5.823E-12
1300 | 660 | 4.781E-12
1300 | 680 | 3.961E-12
1300 | 700 | 3.272E-12
1300 | 720 | 2.718E-12
1300 | 740 | 2.270E-12
1300 | 760 | 1.887E-12
1320 | 40 | 2.889E-05
1320 | 60 | 1.118E-05
1320 | 80 | 2.431E-07
1320 | 100 | 6.804E-08
1320 | 120 | 2.703E-08
1320 | 140 | 1.276E-08
1320 | 160 | 6.706E-09
1320 | 180 | 3.816E-09
1320 | 200 | 2.317E-09
1320 | 220 | 1.476E-09
1320 | 240 | 9.830E-10
1320 | 260 | 6.728E-10
1320 | 280 | 4.739E-10
1320 | 300 | 3.404E-10
1320 | 320 | 2.489E-10
1320 | 340 | 1.847E-10
1320 | 360 | 1.394E-10
1320 | 380 | 1.063E-10
1320 | 400 | 8.186E-11
1320 | 420 | 6.373E-11
1320 | 440 | 4.972E-11
1320 | 460 | 3.935E-11
1320 | 480 | 3.123E-11
1320 | 500 | 2.494E-11
1320 | 520 | 1.999E-11
1320 | 540 | 1.611E-11
1320 | 560 | 1.304E-11
1320 | 580 | 1.062E-11
1320 | 600 | 8.667E-12
1320 | 620 | 7.074E-12
1320 | 640 | 5.821E-12
1320 | 660 | 4.804E-12
1320 | 680 | 3.959E-12
1320 | 700 | 3.295E-12
1320 | 720 | 2.727E-12
1320 | 740 | 2.270E-12
1320 | 760 | 1.897E-12
1340 | 40 | 2.873E-05
1340 | 60 | 1.110E-05
1340 | 80 | 2.419E-07
1340 | 100 | 6.793E-08
1340 | 120 | 2.697E-08
1340 | 140 | 1.270E-08
1340 | 160 | 6.684E-09
1340 | 180 | 3.805E-09
1340 | 200 | 2.317E-09
1340 | 220 | 1.475E-09
1340 | 240 | 9.792E-10
1340 | 260 | 6.692E-10
1340 | 280 | 4.727E-10
1340 | 300 | 3.394E-10
1340 | 320 | 2.486E-10
1340 | 340 | 1.847E-10
1340 | 360 | 1.399E-10
1340 | 380 | 1.061E-10
1340 | 400 | 8.175E-11
1340 | 420 | 6.356E-11
1340 | 440 | 4.986E-11
1340 | 460 | 3.936E-11
1340 | 480 | 3.135E-11
1340 | 500 | 2.492E-11
1340 | 520 | 2.006E-11
1340 | 540 | 1.606E-11
1340 | 560 | 1.307E-11
1340 | 580 | 1.058E-11
1340 | 600 | 8.667E-12
1340 | 620 | 7.085E-12
1340 | 640 | 5.831E-12
1340 | 660 | 4.789E-12
1340 | 680 | 3.965E-12
1340 | 700 | 3.283E-12
1340 | 720 | 2.734E-12
1340 | 740 | 2.276E-12
1340 | 760 | 1.899E-12
1360 | 40 | 2.867E-05
1360 | 60 | 1.099E-05
1360 | 80 | 2.409E-07
1360 | 100 | 6.754E-08
1360 | 120 | 2.684E-08
1360 | 140 | 1.262E-08
1360 | 160 | 6.668E-09
1360 | 180 | 3.787E-09
1360 | 200 | 2.305E-09
1360 | 220 | 1.469E-09
1360 | 240 | 9.759E-10
1360 | 260 | 6.703E-10
1360 | 280 | 4.736E-10
1360 | 300 | 3.385E-10
1360 | 320 | 2.478E-10
1360 | 340 | 1.845E-10
1360 | 360 | 1.390E-10
1360 | 380 | 1.060E-10
1360 | 400 | 8.195E-11
1360 | 420 | 6.328E-11
1360 | 440 | 4.981E-11
1360 | 460 | 3.925E-11
1360 | 480 | 3.117E-11
1360 | 500 | 2.487E-11
1360 | 520 | 1.999E-11
1360 | 540 | 1.612E-11
1360 | 560 | 1.309E-11
1360 | 580 | 1.061E-11
1360 | 600 | 8.667E-12
1360 | 620 | 7.105E-12
1360 | 640 | 5.842E-12
1360 | 660 | 4.807E-12
1360 | 680 | 3.969E-12
1360 | 700 | 3.290E-12
1360 | 720 | 2.727E-12
1360 | 740 | 2.284E-12
1360 | 760 | 1.901E-12
1380 | 40 | 2.857E-05
1380 | 60 | 1.092E-05
1380 | 80 | 2.393E-07
1380 | 100 | 6.731E-08
1380 | 120 | 2.680E-08
1380 | 140 | 1.261E-08
1380 | 160 | 6.636E-09
1380 | 180 | 3.776E-09
1380 | 200 | 2.295E-09
1380 | 220 | 1.466E-09
1380 | 240 | 9.760E-10
1380 | 260 | 6.681E-10
1380 | 280 | 4.722E-10
1380 | 300 | 3.383E-10
1380 | 320 | 2.481E-10
1380 | 340 | 1.842E-10
1380 | 360 | 1.388E-10
1380 | 380 | 1.061E-10
1380 | 400 | 8.151E-11
1380 | 420 | 6.367E-11
1380 | 440 | 4.989E-11
1380 | 460 | 3.924E-11
1380 | 480 | 3.113E-11
1380 | 500 | 2.495E-11
1380 | 520 | 2.000E-11
1380 | 540 | 1.614E-11
1380 | 560 | 1.307E-11
1380 | 580 | 1.067E-11
1380 | 600 | 8.678E-12
1380 | 620 | 7.104E-12
1380 | 640 | 5.855E-12
1380 | 660 | 4.817E-12
1380 | 680 | 3.986E-12
1380 | 700 | 3.307E-12
1380 | 720 | 2.748E-12
1380 | 740 | 2.282E-12
1380 | 760 | 1.909E-12
1400 | 40 | 2.844E-05
1400 | 60 | 1.083E-05
1400 | 80 | 2.380E-07
1400 | 100 | 6.695E-08
1400 | 120 | 2.678E-08
1400 | 140 | 1.255E-08
1400 | 160 | 6.592E-09
1400 | 180 | 3.768E-09
1400 | 200 | 2.286E-09
1400 | 220 | 1.464E-09
1400 | 240 | 9.691E-10
1400 | 260 | 6.655E-10
1400 | 280 | 4.682E-10
1400 | 300 | 3.382E-10
1400 | 320 | 2.474E-10
1400 | 340 | 1.840E-10
1400 | 360 | 1.391E-10
1400 | 380 | 1.060E-10
1400 | 400 | 8.164E-11
1400 | 420 | 6.341E-11
1400 | 440 | 4.988E-11
1400 | 460 | 3.930E-11
1400 | 480 | 3.122E-11
1400 | 500 | 2.491E-11
1400 | 520 | 1.996E-11
1400 | 540 | 1.616E-11
1400 | 560 | 1.310E-11
1400 | 580 | 1.065E-11
1400 | 600 | 8.675E-12
1400 | 620 | 7.127E-12
1400 | 640 | 5.846E-12
1400 | 660 | 4.816E-12
1400 | 680 | 3.983E-12
1400 | 700 | 3.315E-12
1400 | 720 | 2.744E-12
1400 | 740 | 2.283E-12
1400 | 760 | 1.912E-12
1420 | 40 | 2.846E-05
1420 | 60 | 1.080E-05
1420 | 80 | 2.369E-07
1420 | 100 | 6.684E-08
1420 | 120 | 2.660E-08
1420 | 140 | 1.253E-08
1420 | 160 | 6.565E-09
1420 | 180 | 3.756E-09
1420 | 200 | 2.272E-09
1420 | 220 | 1.459E-09
1420 | 240 | 9.673E-10
1420 | 260 | 6.660E-10
1420 | 280 | 4.685E-10
1420 | 300 | 3.360E-10
1420 | 320 | 2.469E-10
1420 | 340 | 1.839E-10
1420 | 360 | 1.386E-10
1420 | 380 | 1.054E-10
1420 | 400 | 8.134E-11
1420 | 420 | 6.353E-11
1420 | 440 | 4.978E-11
1420 | 460 | 3.929E-11
1420 | 480 | 3.126E-11
1420 | 500 | 2.491E-11
1420 | 520 | 2.001E-11
1420 | 540 | 1.617E-11
1420 | 560 | 1.309E-11
1420 | 580 | 1.061E-11
1420 | 600 | 8.675E-12
1420 | 620 | 7.139E-12
1420 | 640 | 5.845E-12
1420 | 660 | 4.825E-12
1420 | 680 | 3.990E-12
1420 | 700 | 3.308E-12
1420 | 720 | 2.747E-12
1420 | 740 | 2.291E-12
1420 | 760 | 1.908E-12
1440 | 40 | 2.831E-05
1440 | 60 | 1.079E-05
1440 | 80 | 2.359E-07
1440 | 100 | 6.664E-08
1440 | 120 | 2.656E-08
1440 | 140 | 1.248E-08
1440 | 160 | 6.541E-09
1440 | 180 | 3.748E-09
1440 | 200 | 2.276E-09
1440 | 220 | 1.455E-09
1440 | 240 | 9.653E-10
1440 | 260 | 6.636E-10
1440 | 280 | 4.660E-10
1440 | 300 | 3.355E-10
1440 | 320 | 2.457E-10
1440 | 340 | 1.837E-10
1440 | 360 | 1.387E-10
1440 | 380 | 1.060E-10
1440 | 400 | 8.161E-11
1440 | 420 | 6.331E-11
1440 | 440 | 4.981E-11
1440 | 460 | 3.929E-11
1440 | 480 | 3.130E-11
1440 | 500 | 2.490E-11
1440 | 520 | 2.001E-11
1440 | 540 | 1.624E-11
1440 | 560 | 1.313E-11
1440 | 580 | 1.066E-11
1440 | 600 | 8.707E-12
1440 | 620 | 7.145E-12
1440 | 640 | 5.874E-12
1440 | 660 | 4.845E-12
1440 | 680 | 4.002E-12
1440 | 700 | 3.322E-12
1440 | 720 | 2.764E-12
1440 | 740 | 2.299E-12
1440 | 760 | 1.915E-12
1460 | 40 | 2.825E-05
1460 | 60 | 1.082E-05
1460 | 80 | 2.348E-07
1460 | 100 | 6.636E-08
1460 | 120 | 2.638E-08
1460 | 140 | 1.243E-08
1460 | 160 | 6.509E-09
1460 | 180 | 3.736E-09
1460 | 200 | 2.267E-09
1460 | 220 | 1.452E-09
1460 | 240 | 9.637E-10
1460 | 260 | 6.598E-10
1460 | 280 | 4.659E-10
1460 | 300 | 3.364E-10
1460 | 320 | 2.465E-10
1460 | 340 | 1.832E-10
1460 | 360 | 1.381E-10
1460 | 380 | 1.060E-10
1460 | 400 | 8.159E-11
1460 | 420 | 6.341E-11
1460 | 440 | 4.978E-11
1460 | 460 | 3.937E-11
1460 | 480 | 3.132E-11
1460 | 500 | 2.503E-11
1460 | 520 | 2.005E-11
1460 | 540 | 1.621E-11
1460 | 560 | 1.311E-11
1460 | 580 | 1.069E-11
1460 | 600 | 8.717E-12
1460 | 620 | 7.155E-12
1460 | 640 | 5.875E-12
1460 | 660 | 4.850E-12
1460 | 680 | 4.011E-12
1460 | 700 | 3.313E-12
1460 | 720 | 2.766E-12
1460 | 740 | 2.300E-12
1460 | 760 | 1.922E-12
1480 | 40 | 2.810E-05
1480 | 60 | 1.084E-05
1480 | 80 | 2.339E-07
1480 | 100 | 6.615E-08
1480 | 120 | 2.641E-08
1480 | 140 | 1.240E-08
1480 | 160 | 6.530E-09
1480 | 180 | 3.732E-09
1480 | 200 | 2.268E-09
1480 | 220 | 1.450E-09
1480 | 240 | 9.600E-10
1480 | 260 | 6.594E-10
1480 | 280 | 4.650E-10
1480 | 300 | 3.352E-10
1480 | 320 | 2.451E-10
1480 | 340 | 1.828E-10
1480 | 360 | 1.382E-10
1480 | 380 | 1.056E-10
1480 | 400 | 8.149E-11
1480 | 420 | 6.340E-11
1480 | 440 | 4.978E-11
1480 | 460 | 3.941E-11
1480 | 480 | 3.120E-11
1480 | 500 | 2.492E-11
1480 | 520 | 2.006E-11
1480 | 540 | 1.625E-11
1480 | 560 | 1.319E-11
1480 | 580 | 1.070E-11
1480 | 600 | 8.727E-12
1480 | 620 | 7.156E-12
1480 | 640 | 5.890E-12
1480 | 660 | 4.861E-12
1480 | 680 | 4.014E-12
1480 | 700 | 3.336E-12
1480 | 720 | 2.772E-12
1480 | 740 | 2.306E-12
1480 | 760 | 1.932E-12
1500 | 40 | 2.808E-05
1500 | 60 | 1.089E-05
1500 | 80 | 2.330E-07
1500 | 100 | 6.608E-08
1500 | 120 | 2.633E-08
1500 | 140 | 1.236E-08
1500 | 160 | 6.491E-09
1500 | 180 | 3.706E-09
1500 | 200 | 2.259E-09
1500 | 220 | 1.445E-09
1500 | 240 | 9.587E-10
1500 | 260 | 6.605E-10
1500 | 280 | 4.629E-10
1500 | 300 | 3.340E-10
1500 | 320 | 2.458E-10
1500 | 340 | 1.825E-10
1500 | 360 | 1.379E-10
1500 | 380 | 1.057E-10
1500 | 400 | 8.175E-11
1500 | 420 | 6.331E-11
1500 | 440 | 4.972E-11
1500 | 460 | 3.921E-11
1500 | 480 | 3.120E-11
1500 | 500 | 2.497E-11
1500 | 520 | 2.016E-11
1500 | 540 | 1.621E-11
1500 | 560 | 1.318E-11
1500 | 580 | 1.073E-11
1500 | 600 | 8.755E-12
1500 | 620 | 7.168E-12
1500 | 640 | 5.892E-12
1500 | 660 | 4.872E-12
1500 | 680 | 4.027E-12
1500 | 700 | 3.341E-12
1500 | 720 | 2.775E-12
1500 | 740 | 2.314E-12
1500 | 760 | 1.933E-12
1520 | 40 | 2.788E-05
1520 | 60 | 1.097E-05
1520 | 80 | 2.327E-07
1520 | 100 | 6.588E-08
1520 | 120 | 2.626E-08
1520 | 140 | 1.233E-08
1520 | 160 | 6.472E-09
1520 | 180 | 3.703E-09
1520 | 200 | 2.252E-09
1520 | 220 | 1.435E-09
1520 | 240 | 9.549E-10
1520 | 260 | 6.571E-10
1520 | 280 | 4.628E-10
1520 | 300 | 3.335E-10
1520 | 320 | 2.450E-10
1520 | 340 | 1.826E-10
1520 | 360 | 1.379E-10
1520 | 380 | 1.055E-10
1520 | 400 | 8.138E-11
1520 | 420 | 6.353E-11
1520 | 440 | 4.981E-11
1520 | 460 | 3.936E-11
1520 | 480 | 3.127E-11
1520 | 500 | 2.505E-11
1520 | 520 | 2.016E-11
1520 | 540 | 1.623E-11
1520 | 560 | 1.323E-11
1520 | 580 | 1.075E-11
1520 | 600 | 8.751E-12
1520 | 620 | 7.205E-12
1520 | 640 | 5.931E-12
1520 | 660 | 4.890E-12
1520 | 680 | 4.045E-12
1520 | 700 | 3.351E-12
1520 | 720 | 2.774E-12
1520 | 740 | 2.307E-12
1520 | 760 | 1.936E-12
1540 | 40 | 2.772E-05
1540 | 60 | 1.108E-05
1540 | 80 | 2.318E-07
1540 | 100 | 6.562E-08
1540 | 120 | 2.615E-08
1540 | 140 | 1.231E-08
1540 | 160 | 6.460E-09
1540 | 180 | 3.689E-09
1540 | 200 | 2.251E-09
1540 | 220 | 1.437E-09
1540 | 240 | 9.531E-10
1540 | 260 | 6.581E-10
1540 | 280 | 4.633E-10
1540 | 300 | 3.337E-10
1540 | 320 | 2.453E-10
1540 | 340 | 1.826E-10
1540 | 360 | 1.386E-10
1540 | 380 | 1.054E-10
1540 | 400 | 8.143E-11
1540 | 420 | 6.342E-11
1540 | 440 | 4.991E-11
1540 | 460 | 3.937E-11
1540 | 480 | 3.128E-11
1540 | 500 | 2.504E-11
1540 | 520 | 2.014E-11
1540 | 540 | 1.624E-11
1540 | 560 | 1.320E-11
1540 | 580 | 1.074E-11
1540 | 600 | 8.770E-12
1540 | 620 | 7.225E-12
1540 | 640 | 5.929E-12
1540 | 660 | 4.896E-12
1540 | 680 | 4.039E-12
1540 | 700 | 3.354E-12
1540 | 720 | 2.782E-12
1540 | 740 | 2.320E-12
1540 | 760 | 1.939E-12
1560 | 40 | 2.752E-05
1560 | 60 | 1.119E-05
1560 | 80 | 2.326E-07
1560 | 100 | 6.551E-08
1560 | 120 | 2.605E-08
1560 | 140 | 1.225E-08
1560 | 160 | 6.463E-09
1560 | 180 | 3.684E-09
1560 | 200 | 2.236E-09
1560 | 220 | 1.433E-09
1560 | 240 | 9.495E-10
1560 | 260 | 6.549E-10
1560 | 280 | 4.633E-10
1560 | 300 | 3.342E-10
1560 | 320 | 2.452E-10
1560 | 340 | 1.827E-10
1560 | 360 | 1.378E-10
1560 | 380 | 1.056E-10
1560 | 400 | 8.162E-11
1560 | 420 | 6.339E-11
1560 | 440 | 4.987E-11
1560 | 460 | 3.943E-11
1560 | 480 | 3.136E-11
1560 | 500 | 2.510E-11
1560 | 520 | 2.022E-11
1560 | 540 | 1.632E-11
1560 | 560 | 1.323E-11
1560 | 580 | 1.078E-11
1560 | 600 | 8.791E-12
1560 | 620 | 7.230E-12
1560 | 640 | 5.926E-12
1560 | 660 | 4.890E-12
1560 | 680 | 4.051E-12
1560 | 700 | 3.370E-12
1560 | 720 | 2.794E-12
1560 | 740 | 2.324E-12
1560 | 760 | 1.940E-12
1580 | 40 | 2.732E-05
1580 | 60 | 1.138E-05
1580 | 80 | 2.318E-07
1580 | 100 | 6.549E-08
1580 | 120 | 2.597E-08
1580 | 140 | 1.223E-08
1580 | 160 | 6.467E-09
1580 | 180 | 3.670E-09
1580 | 200 | 2.233E-09
1580 | 220 | 1.431E-09
1580 | 240 | 9.512E-10
1580 | 260 | 6.545E-10
1580 | 280 | 4.620E-10
1580 | 300 | 3.316E-10
1580 | 320 | 2.438E-10
1580 | 340 | 1.827E-10
1580 | 360 | 1.381E-10
1580 | 380 | 1.056E-10
1580 | 400 | 8.148E-11
1580 | 420 | 6.347E-11
1580 | 440 | 4.968E-11
1580 | 460 | 3.947E-11
1580 | 480 | 3.134E-11
1580 | 500 | 2.502E-11
1580 | 520 | 2.017E-11
1580 | 540 | 1.633E-11
1580 | 560 | 1.323E-11
1580 | 580 | 1.077E-11
1580 | 600 | 8.843E-12
1580 | 620 | 7.232E-12
1580 | 640 | 5.942E-12
1580 | 660 | 4.897E-12
1580 | 680 | 4.056E-12
1580 | 700 | 3.368E-12
1580 | 720 | 2.806E-12
1580 | 740 | 2.329E-12
1580 | 760 | 1.949E-12
1600 | 40 | 2.711E-05
1600 | 60 | 1.155E-05
1600 | 80 | 2.319E-07
1600 | 100 | 6.514E-08
1600 | 120 | 2.606E-08
1600 | 140 | 1.224E-08
1600 | 160 | 6.434E-09
1600 | 180 | 3.663E-09
1600 | 200 | 2.232E-09
1600 | 220 | 1.430E-09
1600 | 240 | 9.490E-10
1600 | 260 | 6.529E-10
1600 | 280 | 4.609E-10
1600 | 300 | 3.322E-10
1600 | 320 | 2.444E-10
1600 | 340 | 1.823E-10
1600 | 360 | 1.374E-10
1600 | 380 | 1.056E-10
1600 | 400 | 8.122E-11
1600 | 420 | 6.343E-11
1600 | 440 | 5.004E-11
1600 | 460 | 3.943E-11
1600 | 480 | 3.138E-11
1600 | 500 | 2.515E-11
1600 | 520 | 2.024E-11
1600 | 540 | 1.633E-11
1600 | 560 | 1.323E-11
1600 | 580 | 1.082E-11
1600 | 600 | 8.845E-12
1600 | 620 | 7.224E-12
1600 | 640 | 5.949E-12
1600 | 660 | 4.902E-12
1600 | 680 | 4.068E-12
1600 | 700 | 3.367E-12
1600 | 720 | 2.814E-12
1600 | 740 | 2.342E-12
1600 | 760 | 1.948E-12
1620 | 40 | 2.681E-05
1620 | 60 | 1.173E-05
1620 | 80 | 2.323E-07
1620 | 100 | 6.516E-08
1620 | 120 | 2.589E-08
1620 | 140 | 1.223E-08
1620 | 160 | 6.401E-09
1620 | 180 | 3.664E-09
1620 | 200 | 2.232E-09
1620 | 220 | 1.430E-09
1620 | 240 | 9.487E-10
1620 | 260 | 6.522E-10
1620 | 280 | 4.610E-10
1620 | 300 | 3.315E-10
1620 | 320 | 2.446E-10
1620 | 340 | 1.822E-10
1620 | 360 | 1.378E-10
1620 | 380 | 1.055E-10
1620 | 400 | 8.145E-11
1620 | 420 | 6.358E-11
1620 | 440 | 5.009E-11
1620 | 460 | 3.948E-11
1620 | 480 | 3.155E-11
1620 | 500 | 2.518E-11
1620 | 520 | 2.025E-11
1620 | 540 | 1.641E-11
1620 | 560 | 1.329E-11
1620 | 580 | 1.083E-11
1620 | 600 | 8.895E-12
1620 | 620 | 7.251E-12
1620 | 640 | 5.978E-12
1620 | 660 | 4.928E-12
1620 | 680 | 4.079E-12
1620 | 700 | 3.385E-12
1620 | 720 | 2.807E-12
1620 | 740 | 2.343E-12
1620 | 760 | 1.950E-12
1640 | 40 | 2.653E-05
1640 | 60 | 1.191E-05
1640 | 80 | 2.324E-07
1640 | 100 | 6.498E-08
1640 | 120 | 2.582E-08
1640 | 140 | 1.215E-08
1640 | 160 | 6.401E-09
1640 | 180 | 3.657E-09
1640 | 200 | 2.221E-09
1640 | 220 | 1.420E-09
1640 | 240 | 9.454E-10
1640 | 260 | 6.495E-10
1640 | 280 | 4.588E-10
1640 | 300 | 3.322E-10
1640 | 320 | 2.435E-10
1640 | 340 | 1.815E-10
1640 | 360 | 1.379E-10
1640 | 380 | 1.054E-10
1640 | 400 | 8.151E-11
1640 | 420 | 6.348E-11
1640 | 440 | 4.984E-11
1640 | 460 | 3.950E-11
1640 | 480 | 3.146E-11
1640 | 500 | 2.522E-11
1640 | 520 | 2.031E-11
1640 | 540 | 1.643E-11
1640 | 560 | 1.333E-11
1640 | 580 | 1.083E-11
1640 | 600 | 8.868E-12
1640 | 620 | 7.279E-12
1640 | 640 | 6.003E-12
1640 | 660 | 4.930E-12
1640 | 680 | 4.072E-12
1640 | 700 | 3.389E-12
1640 | 720 | 2.817E-12
1640 | 740 | 2.346E-12
1640 | 760 | 1.962E-12
1660 | 40 | 2.636E-05
1660 | 60 | 1.215E-05
1660 | 80 | 2.327E-07
1660 | 100 | 6.464E-08
1660 | 120 | 2.583E-08
1660 | 140 | 1.215E-08
1660 | 160 | 6.376E-09
1660 | 180 | 3.661E-09
1660 | 200 | 2.217E-09
1660 | 220 | 1.420E-09
1660 | 240 | 9.454E-10
1660 | 260 | 6.493E-10
1660 | 280 | 4.595E-10
1660 | 300 | 3.315E-10
1660 | 320 | 2.439E-10
1660 | 340 | 1.820E-10
1660 | 360 | 1.378E-10
1660 | 380 | 1.055E-10
1660 | 400 | 8.127E-11
1660 | 420 | 6.352E-11
1660 | 440 | 4.982E-11
1660 | 460 | 3.956E-11
1660 | 480 | 3.152E-11
1660 | 500 | 2.527E-11
1660 | 520 | 2.031E-11
1660 | 540 | 1.640E-11
1660 | 560 | 1.334E-11
1660 | 580 | 1.089E-11
1660 | 600 | 8.873E-12
1660 | 620 | 7.305E-12
1660 | 640 | 6.005E-12
1660 | 660 | 4.957E-12
1660 | 680 | 4.089E-12
1660 | 700 | 3.402E-12
1660 | 720 | 2.827E-12
1660 | 740 | 2.349E-12
1660 | 760 | 1.964E-12
1680 | 40 | 2.597E-05
1680 | 60 | 1.244E-05
1680 | 80 | 2.300E-07
1680 | 100 | 6.486E-08
1680 | 120 | 2.574E-08
1680 | 140 | 1.216E-08
1680 | 160 | 6.373E-09
1680 | 180 | 3.659E-09
1680 | 200 | 2.223E-09
1680 | 220 | 1.415E-09
1680 | 240 | 9.457E-10
1680 | 260 | 6.489E-10
1680 | 280 | 4.577E-10
1680 | 300 | 3.318E-10
1680 | 320 | 2.431E-10
1680 | 340 | 1.825E-10
1680 | 360 | 1.376E-10
1680 | 380 | 1.054E-10
1680 | 400 | 8.152E-11
1680 | 420 | 6.344E-11
1680 | 440 | 4.992E-11
1680 | 460 | 3.950E-11
1680 | 480 | 3.155E-11
1680 | 500 | 2.521E-11
1680 | 520 | 2.024E-11
1680 | 540 | 1.644E-11
1680 | 560 | 1.334E-11
1680 | 580 | 1.088E-11
1680 | 600 | 8.894E-12
1680 | 620 | 7.308E-12
1680 | 640 | 6.013E-12
1680 | 660 | 4.962E-12
1680 | 680 | 4.099E-12
1680 | 700 | 3.409E-12
1680 | 720 | 2.833E-12
1680 | 740 | 2.357E-12
1680 | 760 | 1.972E-12
1700 | 40 | 2.559E-05
1700 | 60 | 1.273E-05
1700 | 80 | 2.306E-07
1700 | 100 | 6.476E-08
1700 | 120 | 2.573E-08
1700 | 140 | 1.212E-08
1700 | 160 | 6.380E-09
1700 | 180 | 3.645E-09
1700 | 200 | 2.214E-09
1700 | 220 | 1.416E-09
1700 | 240 | 9.425E-10
1700 | 260 | 6.476E-10
1700 | 280 | 4.588E-10
1700 | 300 | 3.311E-10
1700 | 320 | 2.430E-10
1700 | 340 | 1.813E-10
1700 | 360 | 1.374E-10
1700 | 380 | 1.053E-10
1700 | 400 | 8.196E-11
1700 | 420 | 6.362E-11
1700 | 440 | 5.001E-11
1700 | 460 | 3.956E-11
1700 | 480 | 3.142E-11
1700 | 500 | 2.523E-11
1700 | 520 | 2.035E-11
1700 | 540 | 1.647E-11
1700 | 560 | 1.338E-11
1700 | 580 | 1.090E-11
1700 | 600 | 8.916E-12
1700 | 620 | 7.313E-12
1700 | 640 | 5.999E-12
1700 | 660 | 4.971E-12
1700 | 680 | 4.114E-12
1700 | 700 | 3.415E-12
1700 | 720 | 2.837E-12
1700 | 740 | 2.368E-12
1700 | 760 | 1.973E-12
1720 | 40 | 2.524E-05
1720 | 60 | 1.301E-05
1720 | 80 | 2.307E-07
1720 | 100 | 6.463E-08
1720 | 120 | 2.572E-08
1720 | 140 | 1.211E-08
1720 | 160 | 6.359E-09
1720 | 180 | 3.634E-09
1720 | 200 | 2.210E-09
1720 | 220 | 1.415E-09
1720 | 240 | 9.419E-10
1720 | 260 | 6.492E-10
1720 | 280 | 4.579E-10
1720 | 300 | 3.303E-10
1720 | 320 | 2.433E-10
1720 | 340 | 1.815E-10
1720 | 360 | 1.379E-10
1720 | 380 | 1.055E-10
1720 | 400 | 8.167E-11
1720 | 420 | 6.377E-11
1720 | 440 | 5.006E-11
1720 | 460 | 3.953E-11
1720 | 480 | 3.166E-11
1720 | 500 | 2.532E-11
1720 | 520 | 2.036E-11
1720 | 540 | 1.643E-11
1720 | 560 | 1.337E-11
1720 | 580 | 1.092E-11
1720 | 600 | 8.922E-12
1720 | 620 | 7.284E-12
1720 | 640 | 6.036E-12
1720 | 660 | 4.982E-12
1720 | 680 | 4.114E-12
1720 | 700 | 3.421E-12
1720 | 720 | 2.845E-12
1720 | 740 | 2.381E-12
1720 | 760 | 1.978E-12
1740 | 40 | 2.473E-05
1740 | 60 | 1.335E-05
1740 | 80 | 2.311E-07
1740 | 100 | 6.465E-08
1740 | 120 | 2.574E-08
1740 | 140 | 1.209E-08
1740 | 160 | 6.337E-09
1740 | 180 | 3.637E-09
1740 | 200 | 2.207E-09
1740 | 220 | 1.413E-09
1740 | 240 | 9.400E-10
1740 | 260 | 6.456E-10
1740 | 280 | 4.567E-10
1740 | 300 | 3.312E-10
1740 | 320 | 2.435E-10
1740 | 340 | 1.812E-10
1740 | 360 | 1.376E-10
1740 | 380 | 1.056E-10
1740 | 400 | 8.152E-11
1740 | 420 | 6.363E-11
1740 | 440 | 5.014E-11
1740 | 460 | 3.967E-11
1740 | 480 | 3.168E-11
1740 | 500 | 2.544E-11
1740 | 520 | 2.044E-11
1740 | 540 | 1.648E-11
1740 | 560 | 1.344E-11
1740 | 580 | 1.093E-11
1740 | 600 | 8.950E-12
1740 | 620 | 7.340E-12
1740 | 640 | 6.035E-12
1740 | 660 | 5.007E-12
1740 | 680 | 4.144E-12
1740 | 700 | 3.423E-12
1740 | 720 | 2.852E-12
1740 | 740 | 2.374E-12
1740 | 760 | 1.987E-12
1760 | 40 | 2.413E-05
1760 | 60 | 1.369E-05
1760 | 80 | 2.312E-07
1760 | 100 | 6.444E-08
1760 | 120 | 2.570E-08
1760 | 140 | 1.205E-08
1760 | 160 | 6.336E-09
1760 | 180 | 3.619E-09
1760 | 200 | 2.205E-09
1760 | 220 | 1.410E-09
1760 | 240 | 9.386E-10
1760 | 260 | 6.478E-10
1760 | 280 | 4.584E-10
1760 | 300 | 3.299E-10
1760 | 320 | 2.436E-10
1760 | 340 | 1.810E-10
1760 | 360 | 1.374E-10
1760 | 380 | 1.054E-10
1760 | 400 | 8.131E-11
1760 | 420 | 6.362E-11
1760 | 440 | 5.014E-11
1760 | 460 | 3.968E-11
1760 | 480 | 3.152E-11
1760 | 500 | 2.536E-11
1760 | 520 | 2.044E-11
1760 | 540 | 1.654E-11
1760 | 560 | 1.348E-11
1760 | 580 | 1.095E-11
1760 | 600 | 8.977E-12
1760 | 620 | 7.368E-12
1760 | 640 | 6.063E-12
1760 | 660 | 5.007E-12
1760 | 680 | 4.133E-12
1760 | 700 | 3.441E-12
1760 | 720 | 2.857E-12
1760 | 740 | 2.384E-12
1760 | 760 | 1.983E-12
1780 | 40 | 2.352E-05
1780 | 60 | 1.404E-05
1780 | 80 | 2.316E-07
1780 | 100 | 6.469E-08
1780 | 120 | 2.558E-08
1780 | 140 | 1.200E-08
1780 | 160 | 6.326E-09
1780 | 180 | 3.608E-09
1780 | 200 | 2.202E-09
1780 | 220 | 1.410E-09
1780 | 240 | 9.382E-10
1780 | 260 | 6.454E-10
1780 | 280 | 4.557E-10
1780 | 300 | 3.307E-10
1780 | 320 | 2.426E-10
1780 | 340 | 1.809E-10
1780 | 360 | 1.374E-10
1780 | 380 | 1.057E-10
1780 | 400 | 8.167E-11
1780 | 420 | 6.361E-11
1780 | 440 | 5.017E-11
1780 | 460 | 3.986E-11
1780 | 480 | 3.177E-11
1780 | 500 | 2.541E-11
1780 | 520 | 2.052E-11
1780 | 540 | 1.652E-11
1780 | 560 | 1.354E-11
1780 | 580 | 1.099E-11
1780 | 600 | 8.999E-12
1780 | 620 | 7.365E-12
1780 | 640 | 6.052E-12
1780 | 660 | 5.016E-12
1780 | 680 | 4.148E-12
1780 | 700 | 3.445E-12
1780 | 720 | 2.859E-12
1780 | 740 | 2.396E-12
1780 | 760 | 1.990E-12
1800 | 40 | 2.266E-05
1800 | 60 | 1.434E-05
1800 | 80 | 2.328E-07
1800 | 100 | 6.465E-08
1800 | 120 | 2.551E-08
1800 | 140 | 1.201E-08
1800 | 160 | 6.320E-09
1800 | 180 | 3.615E-09
1800 | 200 | 2.203E-09
1800 | 220 | 1.413E-09
1800 | 240 | 9.377E-10
1800 | 260 | 6.478E-10
1800 | 280 | 4.560E-10
1800 | 300 | 3.290E-10
1800 | 320 | 2.425E-10
1800 | 340 | 1.809E-10
1800 | 360 | 1.376E-10
1800 | 380 | 1.055E-10
1800 | 400 | 8.140E-11
1800 | 420 | 6.372E-11
1800 | 440 | 5.016E-11
1800 | 460 | 3.978E-11
1800 | 480 | 3.163E-11
1800 | 500 | 2.535E-11
1800 | 520 | 2.051E-11
1800 | 540 | 1.661E-11
1800 | 560 | 1.347E-11
1800 | 580 | 1.099E-11
1800 | 600 | 9.006E-12
1800 | 620 | 7.406E-12
1800 | 640 | 6.093E-12
1800 | 660 | 4.998E-12
1800 | 680 | 4.153E-12
1800 | 700 | 3.460E-12
1800 | 720 | 2.872E-12
1800 | 740 | 2.389E-12
1800 | 760 | 1.999E-12
1820 | 40 | 2.162E-05
1820 | 60 | 1.475E-05
1820 | 80 | 2.333E-07
1820 | 100 | 6.451E-08
1820 | 120 | 2.568E-08
1820 | 140 | 1.201E-08
1820 | 160 | 6.308E-09
1820 | 180 | 3.606E-09
1820 | 200 | 2.193E-09
1820 | 220 | 1.404E-09
1820 | 240 | 9.389E-10
1820 | 260 | 6.439E-10
1820 | 280 | 4.551E-10
1820 | 300 | 3.287E-10
1820 | 320 | 2.423E-10
1820 | 340 | 1.810E-10
1820 | 360 | 1.375E-10
1820 | 380 | 1.053E-10
1820 | 400 | 8.159E-11
1820 | 420 | 6.369E-11
1820 | 440 | 5.020E-11
1820 | 460 | 3.981E-11
1820 | 480 | 3.182E-11
1820 | 500 | 2.548E-11
1820 | 520 | 2.049E-11
1820 | 540 | 1.656E-11
1820 | 560 | 1.348E-11
1820 | 580 | 1.099E-11
1820 | 600 | 9.031E-12
1820 | 620 | 7.399E-12
1820 | 640 | 6.093E-12
1820 | 660 | 5.023E-12
1820 | 680 | 4.169E-12
1820 | 700 | 3.453E-12
1820 | 720 | 2.880E-12
1820 | 740 | 2.399E-12
1820 | 760 | 2.005E-12
1840 | 60 | 1.509E-05
1840 | 80 | 2.346E-07
1840 | 100 | 6.440E-08
1840 | 120 | 2.562E-08
1840 | 140 | 1.201E-08
1840 | 160 | 6.306E-09
1840 | 180 | 3.602E-09
1840 | 200 | 2.194E-09
1840 | 220 | 1.403E-09
1840 | 240 | 9.360E-10
1840 | 260 | 6.428E-10
1840 | 280 | 4.568E-10
1840 | 300 | 3.302E-10
1840 | 320 | 2.425E-10
1840 | 340 | 1.808E-10
1840 | 360 | 1.374E-10
1840 | 380 | 1.054E-10
1840 | 400 | 8.175E-11
1840 | 420 | 6.366E-11
1840 | 440 | 5.030E-11
1840 | 460 | 3.979E-11
1840 | 480 | 3.179E-11
1840 | 500 | 2.550E-11
1840 | 520 | 2.051E-11
1840 | 540 | 1.663E-11
1840 | 560 | 1.348E-11
1840 | 580 | 1.103E-11
1840 | 600 | 9.023E-12
1840 | 620 | 7.426E-12
1840 | 640 | 6.115E-12
1840 | 660 | 5.039E-12
1840 | 680 | 4.183E-12
1840 | 700 | 3.462E-12
1840 | 720 | 2.894E-12
1840 | 740 | 2.407E-12
1840 | 760 | 2.012E-12
1860 | 60 | 1.552E-05
1860 | 80 | 2.361E-07
1860 | 100 | 6.457E-08
1860 | 120 | 2.550E-08
1860 | 140 | 1.198E-08
1860 | 160 | 6.305E-09
1860 | 180 | 3.609E-09
1860 | 200 | 2.194E-09
1860 | 220 | 1.405E-09
1860 | 240 | 9.346E-10
1860 | 260 | 6.424E-10
1860 | 280 | 4.557E-10
1860 | 300 | 3.292E-10
1860 | 320 | 2.426E-10
1860 | 340 | 1.813E-10
1860 | 360 | 1.378E-10
1860 | 380 | 1.053E-10
1860 | 400 | 8.183E-11
1860 | 420 | 6.370E-11
1860 | 440 | 5.017E-11
1860 | 460 | 3.987E-11
1860 | 480 | 3.179E-11
1860 | 500 | 2.551E-11
1860 | 520 | 2.054E-11
1860 | 540 | 1.663E-11
1860 | 560 | 1.353E-11
1860 | 580 | 1.103E-11
1860 | 600 | 9.073E-12
1860 | 620 | 7.434E-12
1860 | 640 | 6.114E-12
1860 | 660 | 5.049E-12
1860 | 680 | 4.180E-12
1860 | 700 | 3.464E-12
1860 | 720 | 2.895E-12
1860 | 740 | 2.412E-12
1860 | 760 | 2.009E-12
1880 | 60 | 1.587E-05
1880 | 80 | 2.371E-07
1880 | 100 | 6.469E-08
1880 | 120 | 2.550E-08
1880 | 140 | 1.197E-08
1880 | 160 | 6.297E-09
1880 | 180 | 3.601E-09
1880 | 200 | 2.193E-09
1880 | 220 | 1.405E-09
1880 | 240 | 9.336E-10
1880 | 260 | 6.446E-10
1880 | 280 | 4.558E-10
1880 | 300 | 3.286E-10
1880 | 320 | 2.416E-10
1880 | 340 | 1.813E-10
1880 | 360 | 1.374E-10
1880 | 380 | 1.052E-10
1880 | 400 | 8.156E-11
1880 | 420 | 6.391E-11
1880 | 440 | 5.037E-11
1880 | 460 | 3.989E-11
1880 | 480 | 3.176E-11
1880 | 500 | 2.550E-11
1880 | 520 | 2.061E-11
1880 | 540 | 1.667E-11
1880 | 560 | 1.351E-11
1880 | 580 | 1.102E-11
1880 | 600 | 9.051E-12
1880 | 620 | 7.442E-12
1880 | 640 | 6.126E-12
1880 | 660 | 5.064E-12
1880 | 680 | 4.188E-12
1880 | 700 | 3.487E-12
1880 | 720 | 2.893E-12
1880 | 740 | 2.413E-12
1880 | 760 | 2.020E-12
1900 | 60 | 1.632E-05
1900 | 80 | 2.387E-07
1900 | 100 | 6.438E-08
1900 | 120 | 2.541E-08
1900 | 140 | 1.198E-08
1900 | 160 | 6.292E-09
1900 | 180 | 3.593E-09
1900 | 200 | 2.189E-09
1900 | 220 | 1.402E-09
1900 | 240 | 9.342E-10
1900 | 260 | 6.423E-10
1900 | 280 | 4.543E-10
1900 | 300 | 3.285E-10
1900 | 320 | 2.423E-10
1900 | 340 | 1.818E-10
1900 | 360 | 1.377E-10
1900 | 380 | 1.051E-10
1900 | 400 | 8.166E-11
1900 | 420 | 6.362E-11
1900 | 440 | 5.025E-11
1900 | 460 | 3.988E-11
1900 | 480 | 3.196E-11
1900 | 500 | 2.555E-11
1900 | 520 | 2.061E-11
1900 | 540 | 1.667E-11
1900 | 560 | 1.362E-11
1900 | 580 | 1.107E-11
1900 | 600 | 9.070E-12
1900 | 620 | 7.460E-12
1900 | 640 | 6.150E-12
1900 | 660 | 5.084E-12
1900 | 680 | 4.191E-12
1900 | 700 | 3.485E-12
1900 | 720 | 2.905E-12
1900 | 740 | 2.421E-12
1900 | 760 | 2.021E-12
1920 | 60 | 1.664E-05
1920 | 80 | 2.412E-07
1920 | 100 | 6.472E-08
1920 | 120 | 2.553E-08
1920 | 140 | 1.192E-08
1920 | 160 | 6.271E-09
1920 | 180 | 3.604E-09
1920 | 200 | 2.196E-09
1920 | 220 | 1.403E-09
1920 | 240 | 9.339E-10
1920 | 260 | 6.433E-10
1920 | 280 | 4.553E-10
1920 | 300 | 3.286E-10
1920 | 320 | 2.417E-10
1920 | 340 | 1.815E-10
1920 | 360 | 1.370E-10
1920 | 380 | 1.056E-10
1920 | 400 | 8.173E-11
1920 | 420 | 6.370E-11
1920 | 440 | 5.048E-11
1920 | 460 | 4.004E-11
1920 | 480 | 3.178E-11
1920 | 500 | 2.559E-11
1920 | 520 | 2.062E-11
1920 | 540 | 1.673E-11
1920 | 560 | 1.362E-11
1920 | 580 | 1.109E-11
1920 | 600 | 9.079E-12
1920 | 620 | 7.450E-12
1920 | 640 | 6.160E-12
1920 | 660 | 5.082E-12
1920 | 680 | 4.212E-12
1920 | 700 | 3.504E-12
1920 | 720 | 2.911E-12
1920 | 740 | 2.432E-12
1920 | 760 | 2.017E-12
1940 | 60 | 1.705E-05
1940 | 80 | 2.423E-07
1940 | 100 | 6.452E-08
1940 | 120 | 2.545E-08
1940 | 140 | 1.196E-08
1940 | 160 | 6.288E-09
1940 | 180 | 3.596E-09
1940 | 200 | 2.185E-09
1940 | 220 | 1.399E-09
1940 | 240 | 9.323E-10
1940 | 260 | 6.441E-10
1940 | 280 | 4.544E-10
1940 | 300 | 3.291E-10
1940 | 320 | 2.422E-10
1940 | 340 | 1.813E-10
1940 | 360 | 1.374E-10
1940 | 380 | 1.058E-10
1940 | 400 | 8.183E-11
1940 | 420 | 6.394E-11
1940 | 440 | 5.050E-11
1940 | 460 | 3.993E-11
1940 | 480 | 3.186E-11
1940 | 500 | 2.569E-11
1940 | 520 | 2.069E-11
1940 | 540 | 1.676E-11
1940 | 560 | 1.360E-11
1940 | 580 | 1.108E-11
1940 | 600 | 9.093E-12
1940 | 620 | 7.499E-12
1940 | 640 | 6.139E-12
1940 | 660 | 5.090E-12
1940 | 680 | 4.235E-12
1940 | 700 | 3.492E-12
1940 | 720 | 2.913E-12
1940 | 740 | 2.434E-12
1940 | 760 | 2.031E-12
1960 | 60 | 1.746E-05
1960 | 80 | 2.468E-07
1960 | 100 | 6.455E-08
1960 | 120 | 2.550E-08
1960 | 140 | 1.196E-08
1960 | 160 | 6.264E-09
1960 | 180 | 3.593E-09
1960 | 200 | 2.183E-09
1960 | 220 | 1.398E-09
1960 | 240 | 9.281E-10
1960 | 260 | 6.423E-10
1960 | 280 | 4.556E-10
1960 | 300 | 3.274E-10
1960 | 320 | 2.428E-10
1960 | 340 | 1.811E-10
1960 | 360 | 1.375E-10
1960 | 380 | 1.056E-10
1960 | 400 | 8.163E-11
1960 | 420 | 6.401E-11
1960 | 440 | 5.045E-11
1960 | 460 | 4.002E-11
1960 | 480 | 3.203E-11
1960 | 500 | 2.560E-11
1960 | 520 | 2.065E-11
1960 | 540 | 1.675E-11
1960 | 560 | 1.364E-11
1960 | 580 | 1.116E-11
1960 | 600 | 9.126E-12
1960 | 620 | 7.496E-12
1960 | 640 | 6.172E-12
1960 | 660 | 5.100E-12
1960 | 680 | 4.226E-12
1960 | 700 | 3.509E-12
1960 | 720 | 2.930E-12
1960 | 740 | 2.435E-12
1960 | 760 | 2.037E-12
1980 | 60 | 1.782E-05
1980 | 80 | 2.482E-07
1980 | 100 | 6.493E-08
1980 | 120 | 2.550E-08
1980 | 140 | 1.192E-08
1980 | 160 | 6.272E-09
1980 | 180 | 3.584E-09
1980 | 200 | 2.179E-09
1980 | 220 | 1.400E-09
1980 | 240 | 9.310E-10
1980 | 260 | 6.425E-10
1980 | 280 | 4.549E-10
1980 | 300 | 3.269E-10
1980 | 320 | 2.420E-10
1980 | 340 | 1.810E-10
1980 | 360 | 1.376E-10
1980 | 380 | 1.056E-10
1980 | 400 | 8.207E-11
1980 | 420 | 6.398E-11
1980 | 440 | 5.062E-11
1980 | 460 | 4.005E-11
1980 | 480 | 3.192E-11
1980 | 500 | 2.567E-11
1980 | 520 | 2.067E-11
1980 | 540 | 1.680E-11
1980 | 560 | 1.368E-11
1980 | 580 | 1.113E-11
1980 | 600 | 9.107E-12
1980 | 620 | 7.526E-12
1980 | 640 | 6.189E-12
1980 | 660 | 5.099E-12
1980 | 680 | 4.245E-12
1980 | 700 | 3.521E-12
1980 | 720 | 2.922E-12
1980 | 740 | 2.427E-12
1980 | 760 | 2.041E-12
2000 | 60 | 1.822E-05
2000 | 80 | 2.512E-07
2000 | 100 | 6.485E-08
2000 | 120 | 2.548E-08
2000 | 140 | 1.186E-08
2000 | 160 | 6.275E-09
2000 | 180 | 3.582E-09
2000 | 200 | 2.174E-09
2000 | 220 | 1.396E-09
2000 | 240 | 9.284E-10
2000 | 260 | 6.412E-10
2000 | 280 | 4.544E-10
2000 | 300 | 3.292E-10
2000 | 320 | 2.418E-10
2000 | 340 | 1.813E-10
2000 | 360 | 1.377E-10
2000 | 380 | 1.054E-10
2000 | 400 | 8.209E-11
2000 | 420 | 6.406E-11
2000 | 440 | 5.067E-11
2000 | 460 | 3.999E-11
2000 | 480 | 3.202E-11
2000 | 500 | 2.581E-11
2000 | 520 | 2.072E-11
2000 | 540 | 1.679E-11
2000 | 560 | 1.372E-11
2000 | 580 | 1.118E-11
2000 | 600 | 9.153E-12
2000 | 620 | 7.504E-12
2000 | 640 | 6.204E-12
2000 | 660 | 5.133E-12
2000 | 680 | 4.249E-12
2000 | 700 | 3.525E-12
2000 | 720 | 2.933E-12
2000 | 740 | 2.446E-12
2000 | 760 | 2.043E-12
